p cnf 319 3148 
-1  -2  0 
-1  -3  0 
-1  -4  0 
-1  -5  0 
-1  -6  0 
-2  -3  0 
-2  -4  0 
-2  -5  0 
-2  -6  0 
-3  -4  0 
-3  -5  0 
-3  -6  0 
-4  -5  0 
-4  -6  0 
-5  -6  0 
-7  -8  0 
-7  -9  0 
-7  -10  0 
-7  -11  0 
-8  -9  0 
-8  -10  0 
-8  -11  0 
-9  -10  0 
-9  -11  0 
-10  -11  0 
-12  -13  0 
-12  -14  0 
-13  -14  0 
-15  -16  0 
-15  -17  0 
-15  -18  0 
-15  -19  0 
-16  -17  0 
-16  -18  0 
-16  -19  0 
-17  -18  0 
-17  -19  0 
-18  -19  0 
-20  -21  0 
-20  -22  0 
-20  -23  0 
-20  -24  0 
-21  -22  0 
-21  -23  0 
-21  -24  0 
-22  -23  0 
-22  -24  0 
-23  -24  0 
-25  -26  0 
-25  -27  0 
-25  -28  0 
-25  -29  0 
-26  -27  0 
-26  -28  0 
-26  -29  0 
-27  -28  0 
-27  -29  0 
-28  -29  0 
-30  -31  0 
-30  -32  0 
-30  -33  0 
-30  -34  0 
-31  -32  0 
-31  -33  0 
-31  -34  0 
-32  -33  0 
-32  -34  0 
-33  -34  0 
-35  -36  0 
-35  -37  0 
-35  -38  0 
-35  -39  0 
-35  -40  0 
-35  -41  0 
-36  -37  0 
-36  -38  0 
-36  -39  0 
-36  -40  0 
-36  -41  0 
-37  -38  0 
-37  -39  0 
-37  -40  0 
-37  -41  0 
-38  -39  0 
-38  -40  0 
-38  -41  0 
-39  -40  0 
-39  -41  0 
-40  -41  0 
-42  -43  0 
-42  -44  0 
-42  -45  0 
-42  -46  0 
-42  -47  0 
-43  -44  0 
-43  -45  0 
-43  -46  0 
-43  -47  0 
-44  -45  0 
-44  -46  0 
-44  -47  0 
-45  -46  0 
-45  -47  0 
-46  -47  0 
-48  -49  0 
-48  -50  0 
-48  -51  0 
-48  -52  0 
-48  -53  0 
-49  -50  0 
-49  -51  0 
-49  -52  0 
-49  -53  0 
-50  -51  0 
-50  -52  0 
-50  -53  0 
-51  -52  0 
-51  -53  0 
-52  -53  0 
-54  -55  0 
-54  -56  0 
-54  -57  0 
-54  -58  0 
-55  -56  0 
-55  -57  0 
-55  -58  0 
-56  -57  0 
-56  -58  0 
-57  -58  0 
-59  -60  0 
-59  -61  0 
-59  -62  0 
-59  -63  0 
-60  -61  0 
-60  -62  0 
-60  -63  0 
-61  -62  0 
-61  -63  0 
-62  -63  0 
-64  -65  0 
-64  -66  0 
-64  -67  0 
-64  -68  0 
-64  -69  0 
-65  -66  0 
-65  -67  0 
-65  -68  0 
-65  -69  0 
-66  -67  0 
-66  -68  0 
-66  -69  0 
-67  -68  0 
-67  -69  0 
-68  -69  0 
-70  -71  0 
-70  -72  0 
-70  -73  0 
-70  -74  0 
-71  -72  0 
-71  -73  0 
-71  -74  0 
-72  -73  0 
-72  -74  0 
-73  -74  0 
-75  -76  0 
-75  -77  0 
-75  -78  0 
-75  -79  0 
-76  -77  0 
-76  -78  0 
-76  -79  0 
-77  -78  0 
-77  -79  0 
-78  -79  0 
-80  -81  0 
-80  -82  0 
-80  -83  0 
-80  -84  0 
-81  -82  0 
-81  -83  0 
-81  -84  0 
-82  -83  0 
-82  -84  0 
-83  -84  0 
-85  -86  0 
-85  -87  0 
-85  -88  0 
-86  -87  0 
-86  -88  0 
-87  -88  0 
-89  -90  0 
-89  -91  0 
-90  -91  0 
-92  -93  0 
-92  -94  0 
-92  -95  0 
-93  -94  0 
-93  -95  0 
-94  -95  0 
-96  -97  0 
-96  -98  0 
-97  -98  0 
-99  -100  0 
-99  -101  0 
-99  -102  0 
-99  -103  0 
-99  -104  0 
-99  -105  0 
-100  -101  0 
-100  -102  0 
-100  -103  0 
-100  -104  0 
-100  -105  0 
-101  -102  0 
-101  -103  0 
-101  -104  0 
-101  -105  0 
-102  -103  0 
-102  -104  0 
-102  -105  0 
-103  -104  0 
-103  -105  0 
-104  -105  0 
-106  -107  0 
-106  -108  0 
-106  -109  0 
-106  -110  0 
-106  -111  0 
-107  -108  0 
-107  -109  0 
-107  -110  0 
-107  -111  0 
-108  -109  0 
-108  -110  0 
-108  -111  0 
-109  -110  0 
-109  -111  0 
-110  -111  0 
-112  -113  0 
-112  -114  0 
-112  -115  0 
-112  -116  0 
-112  -117  0 
-112  -118  0 
-113  -114  0 
-113  -115  0 
-113  -116  0 
-113  -117  0 
-113  -118  0 
-114  -115  0 
-114  -116  0 
-114  -117  0 
-114  -118  0 
-115  -116  0 
-115  -117  0 
-115  -118  0 
-116  -117  0 
-116  -118  0 
-117  -118  0 
-119  -120  0 
-119  -121  0 
-119  -122  0 
-120  -121  0 
-120  -122  0 
-121  -122  0 
-123  -124  0 
-123  -125  0 
-123  -126  0 
-123  -127  0 
-124  -125  0 
-124  -126  0 
-124  -127  0 
-125  -126  0 
-125  -127  0 
-126  -127  0 
-128  -129  0 
-128  -130  0 
-128  -131  0 
-128  -132  0 
-128  -133  0 
-129  -130  0 
-129  -131  0 
-129  -132  0 
-129  -133  0 
-130  -131  0 
-130  -132  0 
-130  -133  0 
-131  -132  0 
-131  -133  0 
-132  -133  0 
-134  -135  0 
-134  -136  0 
-134  -137  0 
-134  -138  0 
-134  -139  0 
-135  -136  0 
-135  -137  0 
-135  -138  0 
-135  -139  0 
-136  -137  0 
-136  -138  0 
-136  -139  0 
-137  -138  0 
-137  -139  0 
-138  -139  0 
-140  -141  0 
-140  -142  0 
-140  -143  0 
-140  -144  0 
-141  -142  0 
-141  -143  0 
-141  -144  0 
-142  -143  0 
-142  -144  0 
-143  -144  0 
-145  -146  0 
-145  -147  0 
-145  -148  0 
-145  -149  0 
-145  -150  0 
-146  -147  0 
-146  -148  0 
-146  -149  0 
-146  -150  0 
-147  -148  0 
-147  -149  0 
-147  -150  0 
-148  -149  0 
-148  -150  0 
-149  -150  0 
-151  -152  0 
-151  -153  0 
-151  -154  0 
-151  -155  0 
-152  -153  0 
-152  -154  0 
-152  -155  0 
-153  -154  0 
-153  -155  0 
-154  -155  0 
-156  -157  0 
-156  -158  0 
-156  -159  0 
-156  -160  0 
-157  -158  0 
-157  -159  0 
-157  -160  0 
-158  -159  0 
-158  -160  0 
-159  -160  0 
-161  -162  0 
-161  -163  0 
-161  -164  0 
-161  -165  0 
-162  -163  0 
-162  -164  0 
-162  -165  0 
-163  -164  0 
-163  -165  0 
-164  -165  0 
-166  -167  0 
-166  -168  0 
-166  -169  0 
-167  -168  0 
-167  -169  0 
-168  -169  0 
-170  -171  0 
-170  -172  0 
-170  -173  0 
-170  -174  0 
-170  -175  0 
-171  -172  0 
-171  -173  0 
-171  -174  0 
-171  -175  0 
-172  -173  0 
-172  -174  0 
-172  -175  0 
-173  -174  0 
-173  -175  0 
-174  -175  0 
-176  -177  0 
-176  -178  0 
-176  -179  0 
-176  -180  0 
-177  -178  0 
-177  -179  0 
-177  -180  0 
-178  -179  0 
-178  -180  0 
-179  -180  0 
-181  -182  0 
-181  -183  0 
-181  -184  0 
-181  -185  0 
-182  -183  0 
-182  -184  0 
-182  -185  0 
-183  -184  0 
-183  -185  0 
-184  -185  0 
-186  -187  0 
-186  -188  0 
-186  -189  0 
-186  -190  0 
-187  -188  0 
-187  -189  0 
-187  -190  0 
-188  -189  0 
-188  -190  0 
-189  -190  0 
-191  -192  0 
-191  -193  0 
-191  -194  0 
-192  -193  0 
-192  -194  0 
-193  -194  0 
-195  -196  0 
-195  -197  0 
-195  -198  0 
-196  -197  0 
-196  -198  0 
-197  -198  0 
-199  -200  0 
-199  -201  0 
-199  -202  0 
-200  -201  0 
-200  -202  0 
-201  -202  0 
-203  -204  0 
-203  -205  0 
-203  -206  0 
-204  -205  0 
-204  -206  0 
-205  -206  0 
-207  -208  0 
-207  -209  0 
-207  -210  0 
-207  -211  0 
-208  -209  0 
-208  -210  0 
-208  -211  0 
-209  -210  0 
-209  -211  0 
-210  -211  0 
-212  -213  0 
-212  -214  0 
-212  -215  0 
-212  -216  0 
-212  -217  0 
-212  -218  0 
-213  -214  0 
-213  -215  0 
-213  -216  0 
-213  -217  0 
-213  -218  0 
-214  -215  0 
-214  -216  0 
-214  -217  0 
-214  -218  0 
-215  -216  0 
-215  -217  0 
-215  -218  0 
-216  -217  0 
-216  -218  0 
-217  -218  0 
-219  -220  0 
-219  -221  0 
-219  -222  0 
-219  -223  0 
-220  -221  0 
-220  -222  0 
-220  -223  0 
-221  -222  0 
-221  -223  0 
-222  -223  0 
-224  -225  0 
-224  -226  0 
-224  -227  0 
-224  -228  0 
-225  -226  0 
-225  -227  0 
-225  -228  0 
-226  -227  0 
-226  -228  0 
-227  -228  0 
-229  -230  0 
-229  -231  0 
-229  -232  0 
-229  -233  0 
-229  -234  0 
-229  -235  0 
-230  -231  0 
-230  -232  0 
-230  -233  0 
-230  -234  0 
-230  -235  0 
-231  -232  0 
-231  -233  0 
-231  -234  0 
-231  -235  0 
-232  -233  0 
-232  -234  0 
-232  -235  0 
-233  -234  0 
-233  -235  0 
-234  -235  0 
-236  -237  0 
-236  -238  0 
-236  -239  0 
-236  -240  0 
-237  -238  0 
-237  -239  0 
-237  -240  0 
-238  -239  0 
-238  -240  0 
-239  -240  0 
-241  -242  0 
-241  -243  0 
-241  -244  0 
-241  -245  0 
-242  -243  0 
-242  -244  0 
-242  -245  0 
-243  -244  0 
-243  -245  0 
-244  -245  0 
-246  -247  0 
-246  -248  0 
-246  -249  0 
-246  -250  0 
-246  -251  0 
-246  -252  0 
-247  -248  0 
-247  -249  0 
-247  -250  0 
-247  -251  0 
-247  -252  0 
-248  -249  0 
-248  -250  0 
-248  -251  0 
-248  -252  0 
-249  -250  0 
-249  -251  0 
-249  -252  0 
-250  -251  0 
-250  -252  0 
-251  -252  0 
-253  -254  0 
-253  -255  0 
-253  -256  0 
-253  -257  0 
-254  -255  0 
-254  -256  0 
-254  -257  0 
-255  -256  0 
-255  -257  0 
-256  -257  0 
-258  -259  0 
-258  -260  0 
-259  -260  0 
-261  -262  0 
-261  -263  0 
-261  -264  0 
-261  -265  0 
-262  -263  0 
-262  -264  0 
-262  -265  0 
-263  -264  0 
-263  -265  0 
-264  -265  0 
-266  -267  0 
-266  -268  0 
-266  -269  0 
-267  -268  0 
-267  -269  0 
-268  -269  0 
-270  -271  0 
-270  -272  0 
-270  -273  0 
-270  -274  0 
-270  -275  0 
-271  -272  0 
-271  -273  0 
-271  -274  0 
-271  -275  0 
-272  -273  0 
-272  -274  0 
-272  -275  0 
-273  -274  0 
-273  -275  0 
-274  -275  0 
-276  -277  0 
-276  -278  0 
-276  -279  0 
-276  -280  0 
-276  -281  0 
-277  -278  0 
-277  -279  0 
-277  -280  0 
-277  -281  0 
-278  -279  0 
-278  -280  0 
-278  -281  0 
-279  -280  0 
-279  -281  0 
-280  -281  0 
-282  -283  0 
-282  -284  0 
-282  -285  0 
-283  -284  0 
-283  -285  0 
-284  -285  0 
-286  -287  0 
-286  -288  0 
-286  -289  0 
-286  -290  0 
-286  -291  0 
-286  -292  0 
-287  -288  0 
-287  -289  0 
-287  -290  0 
-287  -291  0 
-287  -292  0 
-288  -289  0 
-288  -290  0 
-288  -291  0 
-288  -292  0 
-289  -290  0 
-289  -291  0 
-289  -292  0 
-290  -291  0 
-290  -292  0 
-291  -292  0 
-293  -294  0 
-293  -295  0 
-293  -296  0 
-293  -297  0 
-294  -295  0 
-294  -296  0 
-294  -297  0 
-295  -296  0 
-295  -297  0 
-296  -297  0 
-298  -299  0 
-298  -300  0 
-298  -301  0 
-299  -300  0 
-299  -301  0 
-300  -301  0 
-302  -303  0 
-302  -304  0 
-302  -305  0 
-303  -304  0 
-303  -305  0 
-304  -305  0 
-306  -307  0 
-306  -308  0 
-306  -309  0 
-307  -308  0 
-307  -309  0 
-308  -309  0 
-310  -311  0 
-310  -312  0 
-310  -313  0 
-311  -312  0 
-311  -313  0 
-312  -313  0 
-314  -315  0 
-314  -316  0 
-314  -317  0 
-314  -318  0 
-314  -319  0 
-315  -316  0 
-315  -317  0 
-315  -318  0 
-315  -319  0 
-316  -317  0 
-316  -318  0 
-316  -319  0 
-317  -318  0 
-317  -319  0 
-318  -319  0 
-1  -7  0 
-1  -15  0 
-1  -20  0 
-1  -30  0 
-7  -15  0 
-7  -20  0 
-7  -30  0 
-15  -20  0 
-15  -30  0 
-20  -30  0 
-2  -8  0 
-2  -12  0 
-2  -16  0 
-2  -21  0 
-2  -25  0 
-2  -31  0 
-8  -12  0 
-8  -16  0 
-8  -21  0 
-8  -25  0 
-8  -31  0 
-12  -16  0 
-12  -21  0 
-12  -25  0 
-12  -31  0 
-16  -21  0 
-16  -25  0 
-16  -31  0 
-21  -25  0 
-21  -31  0 
-25  -31  0 
-3  -9  0 
-3  -13  0 
-3  -17  0 
-3  -22  0 
-9  -13  0 
-9  -17  0 
-9  -22  0 
-13  -17  0 
-13  -22  0 
-17  -22  0 
-4  -10  0 
-4  -26  0 
-10  -26  0 
-5  -14  0 
-5  -18  0 
-5  -23  0 
-5  -27  0 
-5  -32  0 
-14  -18  0 
-14  -23  0 
-14  -27  0 
-14  -32  0 
-18  -23  0 
-18  -27  0 
-18  -32  0 
-23  -27  0 
-23  -32  0 
-27  -32  0 
-19  -24  0 
-19  -28  0 
-19  -33  0 
-24  -28  0 
-24  -33  0 
-28  -33  0 
-6  -11  0 
-6  -29  0 
-6  -34  0 
-11  -29  0 
-11  -34  0 
-29  -34  0 
-35  -42  0 
-35  -48  0 
-35  -59  0 
-35  -64  0 
-35  -75  0 
-35  -80  0 
-42  -48  0 
-42  -59  0 
-42  -64  0 
-42  -75  0 
-42  -80  0 
-48  -59  0 
-48  -64  0 
-48  -75  0 
-48  -80  0 
-59  -64  0 
-59  -75  0 
-59  -80  0 
-64  -75  0 
-64  -80  0 
-75  -80  0 
-36  -43  0 
-36  -49  0 
-36  -54  0 
-36  -60  0 
-36  -65  0 
-36  -70  0 
-36  -76  0 
-36  -81  0 
-43  -49  0 
-43  -54  0 
-43  -60  0 
-43  -65  0 
-43  -70  0 
-43  -76  0 
-43  -81  0 
-49  -54  0 
-49  -60  0 
-49  -65  0 
-49  -70  0 
-49  -76  0 
-49  -81  0 
-54  -60  0 
-54  -65  0 
-54  -70  0 
-54  -76  0 
-54  -81  0 
-60  -65  0 
-60  -70  0 
-60  -76  0 
-60  -81  0 
-65  -70  0 
-65  -76  0 
-65  -81  0 
-70  -76  0 
-70  -81  0 
-76  -81  0 
-37  -44  0 
-37  -50  0 
-37  -55  0 
-37  -61  0 
-37  -66  0 
-44  -50  0 
-44  -55  0 
-44  -61  0 
-44  -66  0 
-50  -55  0 
-50  -61  0 
-50  -66  0 
-55  -61  0 
-55  -66  0 
-61  -66  0 
-38  -45  0 
-38  -51  0 
-38  -71  0 
-38  -77  0 
-45  -51  0 
-45  -71  0 
-45  -77  0 
-51  -71  0 
-51  -77  0 
-71  -77  0 
-39  -46  0 
-39  -56  0 
-39  -62  0 
-39  -67  0 
-39  -72  0 
-39  -78  0 
-39  -82  0 
-46  -56  0 
-46  -62  0 
-46  -67  0 
-46  -72  0 
-46  -78  0 
-46  -82  0 
-56  -62  0 
-56  -67  0 
-56  -72  0 
-56  -78  0 
-56  -82  0 
-62  -67  0 
-62  -72  0 
-62  -78  0 
-62  -82  0 
-67  -72  0 
-67  -78  0 
-67  -82  0 
-72  -78  0 
-72  -82  0 
-78  -82  0 
-40  -47  0 
-40  -52  0 
-40  -57  0 
-40  -68  0 
-47  -52  0 
-47  -57  0 
-47  -68  0 
-52  -57  0 
-52  -68  0 
-57  -68  0 
-63  -69  0 
-63  -73  0 
-63  -83  0 
-69  -73  0 
-69  -83  0 
-73  -83  0 
-41  -53  0 
-41  -74  0 
-41  -79  0 
-41  -84  0 
-53  -74  0 
-53  -79  0 
-53  -84  0 
-74  -79  0 
-74  -84  0 
-79  -84  0 
-85  -89  0 
-85  -92  0 
-85  -96  0 
-89  -92  0 
-89  -96  0 
-92  -96  0 
-86  -90  0 
-86  -93  0 
-86  -97  0 
-90  -93  0 
-90  -97  0 
-93  -97  0 
-87  -94  0 
-87  -98  0 
-94  -98  0 
-88  -91  0 
-88  -95  0 
-91  -95  0 
-99  -106  0 
-99  -112  0 
-99  -123  0 
-99  -128  0 
-106  -112  0 
-106  -123  0 
-106  -128  0 
-112  -123  0 
-112  -128  0 
-123  -128  0 
-100  -107  0 
-100  -113  0 
-100  -119  0 
-100  -124  0 
-100  -129  0 
-100  -134  0 
-100  -140  0 
-100  -145  0 
-107  -113  0 
-107  -119  0 
-107  -124  0 
-107  -129  0 
-107  -134  0 
-107  -140  0 
-107  -145  0 
-113  -119  0 
-113  -124  0 
-113  -129  0 
-113  -134  0 
-113  -140  0 
-113  -145  0 
-119  -124  0 
-119  -129  0 
-119  -134  0 
-119  -140  0 
-119  -145  0 
-124  -129  0 
-124  -134  0 
-124  -140  0 
-124  -145  0 
-129  -134  0 
-129  -140  0 
-129  -145  0 
-134  -140  0 
-134  -145  0 
-140  -145  0 
-101  -108  0 
-101  -114  0 
-101  -120  0 
-101  -125  0 
-101  -130  0 
-101  -141  0 
-101  -146  0 
-108  -114  0 
-108  -120  0 
-108  -125  0 
-108  -130  0 
-108  -141  0 
-108  -146  0 
-114  -120  0 
-114  -125  0 
-114  -130  0 
-114  -141  0 
-114  -146  0 
-120  -125  0 
-120  -130  0 
-120  -141  0 
-120  -146  0 
-125  -130  0 
-125  -141  0 
-125  -146  0 
-130  -141  0 
-130  -146  0 
-141  -146  0 
-102  -109  0 
-102  -115  0 
-102  -126  0 
-102  -131  0 
-102  -135  0 
-102  -142  0 
-109  -115  0 
-109  -126  0 
-109  -131  0 
-109  -135  0 
-109  -142  0 
-115  -126  0 
-115  -131  0 
-115  -135  0 
-115  -142  0 
-126  -131  0 
-126  -135  0 
-126  -142  0 
-131  -135  0 
-131  -142  0 
-135  -142  0 
-103  -110  0 
-103  -121  0 
-103  -127  0 
-103  -132  0 
-103  -136  0 
-103  -143  0 
-103  -147  0 
-110  -121  0 
-110  -127  0 
-110  -132  0 
-110  -136  0 
-110  -143  0 
-110  -147  0 
-121  -127  0 
-121  -132  0 
-121  -136  0 
-121  -143  0 
-121  -147  0 
-127  -132  0 
-127  -136  0 
-127  -143  0 
-127  -147  0 
-132  -136  0 
-132  -143  0 
-132  -147  0 
-136  -143  0 
-136  -147  0 
-143  -147  0 
-104  -111  0 
-104  -116  0 
-104  -137  0 
-104  -148  0 
-111  -116  0 
-111  -137  0 
-111  -148  0 
-116  -137  0 
-116  -148  0 
-137  -148  0 
-105  -117  0 
-122  -133  0 
-122  -138  0 
-122  -144  0 
-122  -149  0 
-133  -138  0 
-133  -144  0 
-133  -149  0 
-138  -144  0 
-138  -149  0 
-144  -149  0 
-118  -139  0 
-118  -150  0 
-139  -150  0 
-151  -156  0 
-151  -161  0 
-151  -170  0 
-156  -161  0 
-156  -170  0 
-161  -170  0 
-152  -157  0 
-152  -162  0 
-152  -166  0 
-152  -171  0 
-152  -176  0 
-152  -181  0 
-157  -162  0 
-157  -166  0 
-157  -171  0 
-157  -176  0 
-157  -181  0 
-162  -166  0 
-162  -171  0 
-162  -176  0 
-162  -181  0 
-166  -171  0 
-166  -176  0 
-166  -181  0 
-171  -176  0 
-171  -181  0 
-176  -181  0 
-153  -158  0 
-153  -163  0 
-153  -167  0 
-153  -172  0 
-153  -182  0 
-158  -163  0 
-158  -167  0 
-158  -172  0 
-158  -182  0 
-163  -167  0 
-163  -172  0 
-163  -182  0 
-167  -172  0 
-167  -182  0 
-172  -182  0 
-154  -159  0 
-154  -164  0 
-154  -173  0 
-154  -177  0 
-159  -164  0 
-159  -173  0 
-159  -177  0 
-164  -173  0 
-164  -177  0 
-173  -177  0 
-155  -160  0 
-155  -168  0 
-155  -174  0 
-155  -178  0 
-155  -183  0 
-160  -168  0 
-160  -174  0 
-160  -178  0 
-160  -183  0 
-168  -174  0 
-168  -178  0 
-168  -183  0 
-174  -178  0 
-174  -183  0 
-178  -183  0 
-169  -175  0 
-169  -179  0 
-169  -184  0 
-175  -179  0 
-175  -184  0 
-179  -184  0 
-165  -180  0 
-165  -185  0 
-180  -185  0 
-186  -191  0 
-186  -195  0 
-186  -199  0 
-186  -203  0 
-191  -195  0 
-191  -199  0 
-191  -203  0 
-195  -199  0 
-195  -203  0 
-199  -203  0 
-187  -192  0 
-187  -196  0 
-187  -200  0 
-187  -204  0 
-192  -196  0 
-192  -200  0 
-192  -204  0 
-196  -200  0 
-196  -204  0 
-200  -204  0 
-188  -193  0 
-188  -197  0 
-188  -201  0 
-193  -197  0 
-193  -201  0 
-197  -201  0 
-189  -198  0 
-189  -202  0 
-189  -205  0 
-198  -202  0 
-198  -205  0 
-202  -205  0 
-190  -194  0 
-190  -206  0 
-194  -206  0 
-207  -212  0 
-207  -241  0 
-207  -246  0 
-212  -241  0 
-212  -246  0 
-241  -246  0 
-208  -213  0 
-208  -219  0 
-208  -224  0 
-208  -229  0 
-208  -236  0 
-208  -242  0 
-208  -247  0 
-213  -219  0 
-213  -224  0 
-213  -229  0 
-213  -236  0 
-213  -242  0 
-213  -247  0 
-219  -224  0 
-219  -229  0 
-219  -236  0 
-219  -242  0 
-219  -247  0 
-224  -229  0 
-224  -236  0 
-224  -242  0 
-224  -247  0 
-229  -236  0 
-229  -242  0 
-229  -247  0 
-236  -242  0 
-236  -247  0 
-242  -247  0 
-209  -214  0 
-209  -220  0 
-209  -225  0 
-209  -230  0 
-209  -243  0 
-209  -248  0 
-214  -220  0 
-214  -225  0 
-214  -230  0 
-214  -243  0 
-214  -248  0 
-220  -225  0 
-220  -230  0 
-220  -243  0 
-220  -248  0 
-225  -230  0 
-225  -243  0 
-225  -248  0 
-230  -243  0 
-230  -248  0 
-243  -248  0 
-210  -215  0 
-210  -226  0 
-210  -231  0 
-215  -226  0 
-215  -231  0 
-226  -231  0 
-221  -227  0 
-221  -232  0 
-221  -237  0 
-221  -244  0 
-221  -249  0 
-227  -232  0 
-227  -237  0 
-227  -244  0 
-227  -249  0 
-232  -237  0 
-232  -244  0 
-232  -249  0 
-237  -244  0 
-237  -249  0 
-244  -249  0 
-211  -216  0 
-211  -222  0 
-211  -233  0 
-211  -238  0 
-211  -250  0 
-216  -222  0 
-216  -233  0 
-216  -238  0 
-216  -250  0 
-222  -233  0 
-222  -238  0 
-222  -250  0 
-233  -238  0 
-233  -250  0 
-238  -250  0 
-217  -228  0 
-217  -234  0 
-217  -239  0 
-217  -251  0 
-228  -234  0 
-228  -239  0 
-228  -251  0 
-234  -239  0 
-234  -251  0 
-239  -251  0 
-218  -223  0 
-218  -235  0 
-218  -240  0 
-218  -245  0 
-218  -252  0 
-223  -235  0 
-223  -240  0 
-223  -245  0 
-223  -252  0 
-235  -240  0 
-235  -245  0 
-235  -252  0 
-240  -245  0 
-240  -252  0 
-245  -252  0 
-253  -258  0 
-253  -261  0 
-253  -266  0 
-253  -270  0 
-253  -276  0 
-253  -282  0 
-258  -261  0 
-258  -266  0 
-258  -270  0 
-258  -276  0 
-258  -282  0 
-261  -266  0 
-261  -270  0 
-261  -276  0 
-261  -282  0 
-266  -270  0 
-266  -276  0 
-266  -282  0 
-270  -276  0 
-270  -282  0 
-276  -282  0 
-254  -259  0 
-254  -262  0 
-254  -267  0 
-254  -271  0 
-254  -283  0 
-259  -262  0 
-259  -267  0 
-259  -271  0 
-259  -283  0 
-262  -267  0 
-262  -271  0 
-262  -283  0 
-267  -271  0 
-267  -283  0 
-271  -283  0 
-268  -272  0 
-268  -277  0 
-268  -284  0 
-272  -277  0 
-272  -284  0 
-277  -284  0 
-255  -260  0 
-255  -263  0 
-255  -273  0 
-255  -278  0 
-260  -263  0 
-260  -273  0 
-260  -278  0 
-263  -273  0 
-263  -278  0 
-273  -278  0 
-256  -264  0 
-256  -269  0 
-256  -274  0 
-256  -279  0 
-264  -269  0 
-264  -274  0 
-264  -279  0 
-269  -274  0 
-269  -279  0 
-274  -279  0 
-257  -265  0 
-257  -275  0 
-257  -280  0 
-257  -285  0 
-265  -275  0 
-265  -280  0 
-265  -285  0 
-275  -280  0 
-275  -285  0 
-280  -285  0 
-286  -293  0 
-286  -310  0 
-286  -314  0 
-293  -310  0 
-293  -314  0 
-310  -314  0 
-287  -294  0 
-287  -298  0 
-287  -302  0 
-287  -306  0 
-287  -311  0 
-287  -315  0 
-294  -298  0 
-294  -302  0 
-294  -306  0 
-294  -311  0 
-294  -315  0 
-298  -302  0 
-298  -306  0 
-298  -311  0 
-298  -315  0 
-302  -306  0 
-302  -311  0 
-302  -315  0 
-306  -311  0 
-306  -315  0 
-311  -315  0 
-288  -295  0 
-288  -299  0 
-288  -303  0 
-288  -312  0 
-288  -316  0 
-295  -299  0 
-295  -303  0 
-295  -312  0 
-295  -316  0 
-299  -303  0 
-299  -312  0 
-299  -316  0 
-303  -312  0 
-303  -316  0 
-312  -316  0 
-289  -296  0 
-289  -304  0 
-296  -304  0 
-290  -297  0 
-290  -300  0 
-290  -307  0 
-290  -317  0 
-297  -300  0 
-297  -307  0 
-297  -317  0 
-300  -307  0 
-300  -317  0 
-307  -317  0 
-291  -305  0 
-291  -308  0 
-291  -318  0 
-305  -308  0 
-305  -318  0 
-308  -318  0 
-292  -301  0 
-292  -309  0 
-292  -313  0 
-292  -319  0 
-301  -309  0 
-301  -313  0 
-301  -319  0 
-309  -313  0 
-309  -319  0 
-313  -319  0 
-1  -35  0 
-1  -85  0 
-1  -99  0 
-1  -151  0 
-1  -286  0 
-35  -85  0 
-35  -99  0 
-35  -151  0 
-35  -286  0 
-85  -99  0 
-85  -151  0 
-85  -286  0 
-99  -151  0 
-99  -286  0 
-151  -286  0 
-2  -36  0 
-2  -86  0 
-2  -100  0 
-2  -152  0 
-2  -186  0 
-2  -253  0 
-2  -287  0 
-36  -86  0 
-36  -100  0 
-36  -152  0 
-36  -186  0 
-36  -253  0 
-36  -287  0 
-86  -100  0 
-86  -152  0 
-86  -186  0 
-86  -253  0 
-86  -287  0 
-100  -152  0 
-100  -186  0 
-100  -253  0 
-100  -287  0 
-152  -186  0 
-152  -253  0 
-152  -287  0 
-186  -253  0 
-186  -287  0 
-253  -287  0 
-3  -37  0 
-3  -101  0 
-3  -153  0 
-3  -187  0 
-3  -254  0 
-3  -288  0 
-37  -101  0 
-37  -153  0 
-37  -187  0 
-37  -254  0 
-37  -288  0 
-101  -153  0 
-101  -187  0 
-101  -254  0 
-101  -288  0 
-153  -187  0 
-153  -254  0 
-153  -288  0 
-187  -254  0 
-187  -288  0 
-254  -288  0 
-4  -38  0 
-4  -102  0 
-4  -154  0 
-4  -188  0 
-4  -289  0 
-38  -102  0 
-38  -154  0 
-38  -188  0 
-38  -289  0 
-102  -154  0 
-102  -188  0 
-102  -289  0 
-154  -188  0 
-154  -289  0 
-188  -289  0 
-5  -39  0 
-5  -87  0 
-5  -103  0 
-5  -155  0 
-5  -189  0 
-39  -87  0 
-39  -103  0 
-39  -155  0 
-39  -189  0 
-87  -103  0 
-87  -155  0 
-87  -189  0 
-103  -155  0 
-103  -189  0 
-155  -189  0 
-40  -88  0 
-40  -104  0 
-40  -190  0 
-40  -255  0 
-40  -290  0 
-88  -104  0 
-88  -190  0 
-88  -255  0 
-88  -290  0 
-104  -190  0 
-104  -255  0 
-104  -290  0 
-190  -255  0 
-190  -290  0 
-255  -290  0 
-105  -256  0 
-105  -291  0 
-256  -291  0 
-6  -41  0 
-6  -257  0 
-6  -292  0 
-41  -257  0 
-41  -292  0 
-257  -292  0 
-42  -106  0 
-42  -156  0 
-42  -207  0 
-42  -293  0 
-106  -156  0 
-106  -207  0 
-106  -293  0 
-156  -207  0 
-156  -293  0 
-207  -293  0 
-43  -107  0 
-43  -157  0 
-43  -208  0 
-43  -258  0 
-43  -294  0 
-107  -157  0 
-107  -208  0 
-107  -258  0 
-107  -294  0 
-157  -208  0 
-157  -258  0 
-157  -294  0 
-208  -258  0 
-208  -294  0 
-258  -294  0 
-44  -108  0 
-44  -158  0 
-44  -209  0 
-44  -259  0 
-44  -295  0 
-108  -158  0 
-108  -209  0 
-108  -259  0 
-108  -295  0 
-158  -209  0 
-158  -259  0 
-158  -295  0 
-209  -259  0 
-209  -295  0 
-259  -295  0 
-45  -109  0 
-45  -159  0 
-45  -210  0 
-45  -296  0 
-109  -159  0 
-109  -210  0 
-109  -296  0 
-159  -210  0 
-159  -296  0 
-210  -296  0 
-46  -110  0 
-46  -160  0 
-110  -160  0 
-47  -111  0 
-47  -211  0 
-47  -260  0 
-47  -297  0 
-111  -211  0 
-111  -260  0 
-111  -297  0 
-211  -260  0 
-211  -297  0 
-260  -297  0 
-7  -48  0 
-7  -89  0 
-7  -112  0 
-7  -161  0 
-7  -212  0 
-48  -89  0 
-48  -112  0 
-48  -161  0 
-48  -212  0 
-89  -112  0 
-89  -161  0 
-89  -212  0 
-112  -161  0 
-112  -212  0 
-161  -212  0 
-8  -49  0 
-8  -90  0 
-8  -113  0 
-8  -162  0 
-8  -191  0 
-8  -213  0 
-8  -261  0 
-49  -90  0 
-49  -113  0 
-49  -162  0 
-49  -191  0 
-49  -213  0 
-49  -261  0 
-90  -113  0 
-90  -162  0 
-90  -191  0 
-90  -213  0 
-90  -261  0 
-113  -162  0 
-113  -191  0 
-113  -213  0 
-113  -261  0 
-162  -191  0 
-162  -213  0 
-162  -261  0 
-191  -213  0 
-191  -261  0 
-213  -261  0 
-9  -50  0 
-9  -114  0 
-9  -163  0 
-9  -192  0 
-9  -214  0 
-9  -262  0 
-50  -114  0 
-50  -163  0 
-50  -192  0 
-50  -214  0 
-50  -262  0 
-114  -163  0 
-114  -192  0 
-114  -214  0 
-114  -262  0 
-163  -192  0 
-163  -214  0 
-163  -262  0 
-192  -214  0 
-192  -262  0 
-214  -262  0 
-10  -51  0 
-10  -115  0 
-10  -164  0 
-10  -193  0 
-10  -215  0 
-51  -115  0 
-51  -164  0 
-51  -193  0 
-51  -215  0 
-115  -164  0 
-115  -193  0 
-115  -215  0 
-164  -193  0 
-164  -215  0 
-193  -215  0 
-52  -91  0 
-52  -116  0 
-52  -194  0 
-52  -216  0 
-52  -263  0 
-91  -116  0 
-91  -194  0 
-91  -216  0 
-91  -263  0 
-116  -194  0 
-116  -216  0 
-116  -263  0 
-194  -216  0 
-194  -263  0 
-216  -263  0 
-117  -217  0 
-117  -264  0 
-217  -264  0 
-11  -53  0 
-11  -218  0 
-11  -265  0 
-53  -218  0 
-53  -265  0 
-218  -265  0 
-118  -165  0 
-12  -54  0 
-12  -119  0 
-12  -166  0 
-12  -219  0 
-12  -298  0 
-54  -119  0 
-54  -166  0 
-54  -219  0 
-54  -298  0 
-119  -166  0 
-119  -219  0 
-119  -298  0 
-166  -219  0 
-166  -298  0 
-219  -298  0 
-13  -55  0 
-13  -120  0 
-13  -167  0 
-13  -220  0 
-13  -299  0 
-55  -120  0 
-55  -167  0 
-55  -220  0 
-55  -299  0 
-120  -167  0 
-120  -220  0 
-120  -299  0 
-167  -220  0 
-167  -299  0 
-220  -299  0 
-14  -56  0 
-14  -121  0 
-14  -168  0 
-14  -221  0 
-56  -121  0 
-56  -168  0 
-56  -221  0 
-121  -168  0 
-121  -221  0 
-168  -221  0 
-57  -222  0 
-57  -300  0 
-222  -300  0 
-122  -169  0 
-122  -223  0 
-122  -301  0 
-169  -223  0 
-169  -301  0 
-223  -301  0 
-15  -59  0 
-15  -123  0 
-59  -123  0 
-16  -60  0 
-16  -124  0 
-16  -224  0 
-16  -266  0 
-16  -302  0 
-60  -124  0 
-60  -224  0 
-60  -266  0 
-60  -302  0 
-124  -224  0 
-124  -266  0 
-124  -302  0 
-224  -266  0 
-224  -302  0 
-266  -302  0 
-17  -61  0 
-17  -125  0 
-17  -225  0 
-17  -267  0 
-17  -303  0 
-61  -125  0 
-61  -225  0 
-61  -267  0 
-61  -303  0 
-125  -225  0 
-125  -267  0 
-125  -303  0 
-225  -267  0 
-225  -303  0 
-267  -303  0 
-126  -226  0 
-126  -304  0 
-226  -304  0 
-18  -62  0 
-18  -127  0 
-18  -227  0 
-18  -268  0 
-62  -127  0 
-62  -227  0 
-62  -268  0 
-127  -227  0 
-127  -268  0 
-227  -268  0 
-19  -63  0 
-19  -228  0 
-19  -269  0 
-19  -305  0 
-63  -228  0 
-63  -269  0 
-63  -305  0 
-228  -269  0 
-228  -305  0 
-269  -305  0 
-20  -64  0 
-20  -92  0 
-20  -128  0 
-20  -170  0 
-64  -92  0 
-64  -128  0 
-64  -170  0 
-92  -128  0 
-92  -170  0 
-128  -170  0 
-21  -65  0 
-21  -93  0 
-21  -129  0 
-21  -171  0 
-21  -195  0 
-21  -229  0 
-21  -270  0 
-65  -93  0 
-65  -129  0 
-65  -171  0 
-65  -195  0 
-65  -229  0 
-65  -270  0 
-93  -129  0 
-93  -171  0 
-93  -195  0 
-93  -229  0 
-93  -270  0 
-129  -171  0 
-129  -195  0 
-129  -229  0 
-129  -270  0 
-171  -195  0 
-171  -229  0 
-171  -270  0 
-195  -229  0 
-195  -270  0 
-229  -270  0 
-22  -66  0 
-22  -130  0 
-22  -172  0 
-22  -196  0 
-22  -230  0 
-22  -271  0 
-66  -130  0 
-66  -172  0 
-66  -196  0 
-66  -230  0 
-66  -271  0 
-130  -172  0 
-130  -196  0 
-130  -230  0 
-130  -271  0 
-172  -196  0 
-172  -230  0 
-172  -271  0 
-196  -230  0 
-196  -271  0 
-230  -271  0 
-131  -173  0 
-131  -197  0 
-131  -231  0 
-173  -197  0 
-173  -231  0 
-197  -231  0 
-23  -67  0 
-23  -94  0 
-23  -132  0 
-23  -174  0 
-23  -198  0 
-23  -232  0 
-23  -272  0 
-67  -94  0 
-67  -132  0 
-67  -174  0 
-67  -198  0 
-67  -232  0 
-67  -272  0 
-94  -132  0 
-94  -174  0 
-94  -198  0 
-94  -232  0 
-94  -272  0 
-132  -174  0 
-132  -198  0 
-132  -232  0 
-132  -272  0 
-174  -198  0 
-174  -232  0 
-174  -272  0 
-198  -232  0 
-198  -272  0 
-232  -272  0 
-68  -95  0 
-68  -233  0 
-68  -273  0 
-95  -233  0 
-95  -273  0 
-233  -273  0 
-24  -69  0 
-24  -234  0 
-24  -274  0 
-69  -234  0 
-69  -274  0 
-234  -274  0 
-133  -175  0 
-133  -235  0 
-133  -275  0 
-175  -235  0 
-175  -275  0 
-235  -275  0 
-25  -70  0 
-25  -134  0 
-25  -176  0 
-25  -236  0 
-25  -276  0 
-25  -306  0 
-70  -134  0 
-70  -176  0 
-70  -236  0 
-70  -276  0 
-70  -306  0 
-134  -176  0 
-134  -236  0 
-134  -276  0 
-134  -306  0 
-176  -236  0 
-176  -276  0 
-176  -306  0 
-236  -276  0 
-236  -306  0 
-276  -306  0 
-26  -71  0 
-26  -135  0 
-26  -177  0 
-71  -135  0 
-71  -177  0 
-135  -177  0 
-27  -72  0 
-27  -136  0 
-27  -178  0 
-27  -237  0 
-27  -277  0 
-72  -136  0 
-72  -178  0 
-72  -237  0 
-72  -277  0 
-136  -178  0 
-136  -237  0 
-136  -277  0 
-178  -237  0 
-178  -277  0 
-237  -277  0 
-137  -238  0 
-137  -278  0 
-137  -307  0 
-238  -278  0 
-238  -307  0 
-278  -307  0 
-28  -73  0 
-28  -239  0 
-28  -279  0 
-28  -308  0 
-73  -239  0 
-73  -279  0 
-73  -308  0 
-239  -279  0 
-239  -308  0 
-279  -308  0 
-29  -74  0 
-29  -138  0 
-29  -179  0 
-29  -240  0 
-29  -280  0 
-29  -309  0 
-74  -138  0 
-74  -179  0 
-74  -240  0 
-74  -280  0 
-74  -309  0 
-138  -179  0 
-138  -240  0 
-138  -280  0 
-138  -309  0 
-179  -240  0 
-179  -280  0 
-179  -309  0 
-240  -280  0 
-240  -309  0 
-280  -309  0 
-139  -180  0 
-139  -281  0 
-180  -281  0 
-75  -241  0 
-75  -310  0 
-241  -310  0 
-76  -140  0 
-76  -199  0 
-76  -242  0 
-76  -282  0 
-76  -311  0 
-140  -199  0 
-140  -242  0 
-140  -282  0 
-140  -311  0 
-199  -242  0 
-199  -282  0 
-199  -311  0 
-242  -282  0 
-242  -311  0 
-282  -311  0 
-141  -200  0 
-141  -243  0 
-141  -283  0 
-141  -312  0 
-200  -243  0 
-200  -283  0 
-200  -312  0 
-243  -283  0 
-243  -312  0 
-283  -312  0 
-77  -142  0 
-77  -201  0 
-142  -201  0 
-78  -143  0 
-78  -202  0 
-78  -244  0 
-78  -284  0 
-143  -202  0 
-143  -244  0 
-143  -284  0 
-202  -244  0 
-202  -284  0 
-244  -284  0 
-79  -144  0 
-79  -245  0 
-79  -285  0 
-79  -313  0 
-144  -245  0 
-144  -285  0 
-144  -313  0 
-245  -285  0 
-245  -313  0 
-285  -313  0 
-30  -80  0 
-30  -96  0 
-30  -246  0 
-30  -314  0 
-80  -96  0 
-80  -246  0 
-80  -314  0 
-96  -246  0 
-96  -314  0 
-246  -314  0 
-31  -81  0 
-31  -97  0 
-31  -145  0 
-31  -181  0 
-31  -203  0 
-31  -247  0 
-31  -315  0 
-81  -97  0 
-81  -145  0 
-81  -181  0 
-81  -203  0 
-81  -247  0 
-81  -315  0 
-97  -145  0 
-97  -181  0 
-97  -203  0 
-97  -247  0 
-97  -315  0 
-145  -181  0 
-145  -203  0 
-145  -247  0 
-145  -315  0 
-181  -203  0 
-181  -247  0 
-181  -315  0 
-203  -247  0 
-203  -315  0 
-247  -315  0 
-146  -182  0 
-146  -204  0 
-146  -248  0 
-146  -316  0 
-182  -204  0 
-182  -248  0 
-182  -316  0 
-204  -248  0 
-204  -316  0 
-248  -316  0 
-32  -82  0 
-32  -98  0 
-32  -147  0 
-32  -183  0 
-32  -205  0 
-32  -249  0 
-82  -98  0 
-82  -147  0 
-82  -183  0 
-82  -205  0 
-82  -249  0 
-98  -147  0 
-98  -183  0 
-98  -205  0 
-98  -249  0 
-147  -183  0 
-147  -205  0 
-147  -249  0 
-183  -205  0 
-183  -249  0 
-205  -249  0 
-148  -206  0 
-148  -250  0 
-148  -317  0 
-206  -250  0 
-206  -317  0 
-250  -317  0 
-33  -83  0 
-33  -251  0 
-33  -318  0 
-83  -251  0 
-83  -318  0 
-251  -318  0 
-34  -84  0 
-34  -149  0 
-34  -184  0 
-34  -252  0 
-34  -319  0 
-84  -149  0 
-84  -184  0 
-84  -252  0 
-84  -319  0 
-149  -184  0 
-149  -252  0 
-149  -319  0 
-184  -252  0 
-184  -319  0 
-252  -319  0 
-150  -185  0 
-1  -7  0 
-1  -35  0 
-1  -42  0 
-1  -48  0 
-1  -85  0 
-1  -89  0 
-7  -35  0 
-7  -42  0 
-7  -48  0 
-7  -85  0 
-7  -89  0 
-35  -42  0 
-35  -48  0 
-35  -85  0 
-35  -89  0 
-42  -48  0 
-42  -85  0 
-42  -89  0 
-48  -85  0 
-48  -89  0 
-85  -89  0 
-2  -8  0 
-2  -36  0 
-2  -43  0 
-2  -49  0 
-2  -86  0 
-2  -90  0 
-8  -36  0 
-8  -43  0 
-8  -49  0 
-8  -86  0 
-8  -90  0 
-36  -43  0 
-36  -49  0 
-36  -86  0 
-36  -90  0 
-43  -49  0 
-43  -86  0 
-43  -90  0 
-49  -86  0 
-49  -90  0 
-86  -90  0 
-3  -9  0 
-3  -37  0 
-3  -44  0 
-3  -50  0 
-9  -37  0 
-9  -44  0 
-9  -50  0 
-37  -44  0 
-37  -50  0 
-44  -50  0 
-4  -10  0 
-4  -38  0 
-4  -45  0 
-4  -51  0 
-10  -38  0 
-10  -45  0 
-10  -51  0 
-38  -45  0 
-38  -51  0 
-45  -51  0 
-5  -39  0 
-5  -46  0 
-5  -87  0 
-39  -46  0 
-39  -87  0 
-46  -87  0 
-40  -47  0 
-40  -52  0 
-40  -88  0 
-40  -91  0 
-47  -52  0 
-47  -88  0 
-47  -91  0 
-52  -88  0 
-52  -91  0 
-88  -91  0 
-6  -11  0 
-6  -41  0 
-6  -53  0 
-11  -41  0 
-11  -53  0 
-41  -53  0 
-15  -20  0 
-15  -59  0 
-15  -64  0 
-15  -92  0 
-20  -59  0 
-20  -64  0 
-20  -92  0 
-59  -64  0 
-59  -92  0 
-64  -92  0 
-12  -16  0 
-12  -21  0 
-12  -54  0 
-12  -60  0 
-12  -65  0 
-12  -93  0 
-16  -21  0 
-16  -54  0 
-16  -60  0 
-16  -65  0 
-16  -93  0 
-21  -54  0 
-21  -60  0 
-21  -65  0 
-21  -93  0 
-54  -60  0 
-54  -65  0 
-54  -93  0 
-60  -65  0 
-60  -93  0 
-65  -93  0 
-13  -17  0 
-13  -22  0 
-13  -55  0 
-13  -61  0 
-13  -66  0 
-17  -22  0 
-17  -55  0 
-17  -61  0 
-17  -66  0 
-22  -55  0 
-22  -61  0 
-22  -66  0 
-55  -61  0 
-55  -66  0 
-61  -66  0 
-14  -18  0 
-14  -23  0 
-14  -56  0 
-14  -62  0 
-14  -67  0 
-14  -94  0 
-18  -23  0 
-18  -56  0 
-18  -62  0 
-18  -67  0 
-18  -94  0 
-23  -56  0 
-23  -62  0 
-23  -67  0 
-23  -94  0 
-56  -62  0 
-56  -67  0 
-56  -94  0 
-62  -67  0 
-62  -94  0 
-67  -94  0 
-57  -68  0 
-57  -95  0 
-68  -95  0 
-19  -24  0 
-19  -63  0 
-19  -69  0 
-24  -63  0 
-24  -69  0 
-63  -69  0 
-30  -75  0 
-30  -80  0 
-30  -96  0 
-75  -80  0 
-75  -96  0 
-80  -96  0 
-25  -31  0 
-25  -70  0 
-25  -76  0 
-25  -81  0 
-25  -97  0 
-31  -70  0 
-31  -76  0 
-31  -81  0 
-31  -97  0 
-70  -76  0 
-70  -81  0 
-70  -97  0 
-76  -81  0 
-76  -97  0 
-81  -97  0 
-26  -71  0 
-26  -77  0 
-71  -77  0 
-27  -32  0 
-27  -72  0 
-27  -78  0 
-27  -82  0 
-27  -98  0 
-32  -72  0 
-32  -78  0 
-32  -82  0 
-32  -98  0 
-72  -78  0 
-72  -82  0 
-72  -98  0 
-78  -82  0 
-78  -98  0 
-82  -98  0 
-28  -33  0 
-28  -73  0 
-28  -83  0 
-33  -73  0 
-33  -83  0 
-73  -83  0 
-29  -34  0 
-29  -74  0 
-29  -79  0 
-29  -84  0 
-34  -74  0 
-34  -79  0 
-34  -84  0 
-74  -79  0 
-74  -84  0 
-79  -84  0 
-99  -106  0 
-99  -112  0 
-99  -151  0 
-99  -156  0 
-99  -161  0 
-106  -112  0 
-106  -151  0 
-106  -156  0 
-106  -161  0 
-112  -151  0 
-112  -156  0 
-112  -161  0 
-151  -156  0 
-151  -161  0 
-156  -161  0 
-100  -107  0 
-100  -113  0 
-100  -152  0 
-100  -157  0 
-100  -162  0 
-100  -186  0 
-100  -191  0 
-107  -113  0 
-107  -152  0 
-107  -157  0 
-107  -162  0 
-107  -186  0 
-107  -191  0 
-113  -152  0 
-113  -157  0 
-113  -162  0 
-113  -186  0 
-113  -191  0 
-152  -157  0 
-152  -162  0 
-152  -186  0 
-152  -191  0 
-157  -162  0 
-157  -186  0 
-157  -191  0 
-162  -186  0 
-162  -191  0 
-186  -191  0 
-101  -108  0 
-101  -114  0 
-101  -153  0 
-101  -158  0 
-101  -163  0 
-101  -187  0 
-101  -192  0 
-108  -114  0 
-108  -153  0 
-108  -158  0 
-108  -163  0 
-108  -187  0 
-108  -192  0 
-114  -153  0 
-114  -158  0 
-114  -163  0 
-114  -187  0 
-114  -192  0 
-153  -158  0 
-153  -163  0 
-153  -187  0 
-153  -192  0 
-158  -163  0 
-158  -187  0 
-158  -192  0 
-163  -187  0 
-163  -192  0 
-187  -192  0 
-102  -109  0 
-102  -115  0 
-102  -154  0 
-102  -159  0 
-102  -164  0 
-102  -188  0 
-102  -193  0 
-109  -115  0 
-109  -154  0 
-109  -159  0 
-109  -164  0 
-109  -188  0 
-109  -193  0 
-115  -154  0 
-115  -159  0 
-115  -164  0 
-115  -188  0 
-115  -193  0 
-154  -159  0 
-154  -164  0 
-154  -188  0 
-154  -193  0 
-159  -164  0 
-159  -188  0 
-159  -193  0 
-164  -188  0 
-164  -193  0 
-188  -193  0 
-103  -110  0 
-103  -155  0 
-103  -160  0 
-103  -189  0 
-110  -155  0 
-110  -160  0 
-110  -189  0 
-155  -160  0 
-155  -189  0 
-160  -189  0 
-104  -111  0 
-104  -116  0 
-104  -190  0 
-104  -194  0 
-111  -116  0 
-111  -190  0 
-111  -194  0 
-116  -190  0 
-116  -194  0 
-190  -194  0 
-105  -117  0 
-118  -165  0 
-123  -128  0 
-123  -170  0 
-128  -170  0 
-119  -124  0 
-119  -129  0 
-119  -166  0 
-119  -171  0 
-119  -195  0 
-124  -129  0 
-124  -166  0 
-124  -171  0 
-124  -195  0 
-129  -166  0 
-129  -171  0 
-129  -195  0 
-166  -171  0 
-166  -195  0 
-171  -195  0 
-120  -125  0 
-120  -130  0 
-120  -167  0 
-120  -172  0 
-120  -196  0 
-125  -130  0 
-125  -167  0 
-125  -172  0 
-125  -196  0 
-130  -167  0 
-130  -172  0 
-130  -196  0 
-167  -172  0 
-167  -196  0 
-172  -196  0 
-126  -131  0 
-126  -173  0 
-126  -197  0 
-131  -173  0 
-131  -197  0 
-173  -197  0 
-121  -127  0 
-121  -132  0 
-121  -168  0 
-121  -174  0 
-121  -198  0 
-127  -132  0 
-127  -168  0 
-127  -174  0 
-127  -198  0 
-132  -168  0 
-132  -174  0 
-132  -198  0 
-168  -174  0 
-168  -198  0 
-174  -198  0 
-122  -133  0 
-122  -169  0 
-122  -175  0 
-133  -169  0 
-133  -175  0 
-169  -175  0 
-134  -140  0 
-134  -145  0 
-134  -176  0 
-134  -181  0 
-134  -199  0 
-134  -203  0 
-140  -145  0 
-140  -176  0 
-140  -181  0 
-140  -199  0 
-140  -203  0 
-145  -176  0 
-145  -181  0 
-145  -199  0 
-145  -203  0 
-176  -181  0 
-176  -199  0 
-176  -203  0 
-181  -199  0 
-181  -203  0 
-199  -203  0 
-141  -146  0 
-141  -182  0 
-141  -200  0 
-141  -204  0 
-146  -182  0 
-146  -200  0 
-146  -204  0 
-182  -200  0 
-182  -204  0 
-200  -204  0 
-135  -142  0 
-135  -177  0 
-135  -201  0 
-142  -177  0 
-142  -201  0 
-177  -201  0 
-136  -143  0 
-136  -147  0 
-136  -178  0 
-136  -183  0 
-136  -202  0 
-136  -205  0 
-143  -147  0 
-143  -178  0 
-143  -183  0 
-143  -202  0 
-143  -205  0 
-147  -178  0 
-147  -183  0 
-147  -202  0 
-147  -205  0 
-178  -183  0 
-178  -202  0 
-178  -205  0 
-183  -202  0 
-183  -205  0 
-202  -205  0 
-137  -148  0 
-137  -206  0 
-148  -206  0 
-138  -144  0 
-138  -149  0 
-138  -179  0 
-138  -184  0 
-144  -149  0 
-144  -179  0 
-144  -184  0 
-149  -179  0 
-149  -184  0 
-179  -184  0 
-139  -150  0 
-139  -180  0 
-139  -185  0 
-150  -180  0 
-150  -185  0 
-180  -185  0 
-207  -212  0 
-207  -286  0 
-207  -293  0 
-212  -286  0 
-212  -293  0 
-286  -293  0 
-208  -213  0 
-208  -253  0 
-208  -258  0 
-208  -261  0 
-208  -287  0 
-208  -294  0 
-213  -253  0 
-213  -258  0 
-213  -261  0 
-213  -287  0 
-213  -294  0 
-253  -258  0 
-253  -261  0 
-253  -287  0 
-253  -294  0 
-258  -261  0 
-258  -287  0 
-258  -294  0 
-261  -287  0 
-261  -294  0 
-287  -294  0 
-209  -214  0 
-209  -254  0 
-209  -259  0 
-209  -262  0 
-209  -288  0 
-209  -295  0 
-214  -254  0 
-214  -259  0 
-214  -262  0 
-214  -288  0 
-214  -295  0 
-254  -259  0 
-254  -262  0 
-254  -288  0 
-254  -295  0 
-259  -262  0 
-259  -288  0 
-259  -295  0 
-262  -288  0 
-262  -295  0 
-288  -295  0 
-210  -215  0 
-210  -289  0 
-210  -296  0 
-215  -289  0 
-215  -296  0 
-289  -296  0 
-211  -216  0 
-211  -255  0 
-211  -260  0 
-211  -263  0 
-211  -290  0 
-211  -297  0 
-216  -255  0 
-216  -260  0 
-216  -263  0 
-216  -290  0 
-216  -297  0 
-255  -260  0 
-255  -263  0 
-255  -290  0 
-255  -297  0 
-260  -263  0 
-260  -290  0 
-260  -297  0 
-263  -290  0 
-263  -297  0 
-290  -297  0 
-217  -256  0 
-217  -264  0 
-217  -291  0 
-256  -264  0 
-256  -291  0 
-264  -291  0 
-218  -257  0 
-218  -265  0 
-218  -292  0 
-257  -265  0 
-257  -292  0 
-265  -292  0 
-219  -224  0 
-219  -229  0 
-219  -266  0 
-219  -270  0 
-219  -298  0 
-219  -302  0 
-224  -229  0 
-224  -266  0 
-224  -270  0 
-224  -298  0 
-224  -302  0 
-229  -266  0 
-229  -270  0 
-229  -298  0 
-229  -302  0 
-266  -270  0 
-266  -298  0 
-266  -302  0 
-270  -298  0 
-270  -302  0 
-298  -302  0 
-220  -225  0 
-220  -230  0 
-220  -267  0 
-220  -271  0 
-220  -299  0 
-220  -303  0 
-225  -230  0 
-225  -267  0 
-225  -271  0 
-225  -299  0 
-225  -303  0 
-230  -267  0 
-230  -271  0 
-230  -299  0 
-230  -303  0 
-267  -271  0 
-267  -299  0 
-267  -303  0 
-271  -299  0 
-271  -303  0 
-299  -303  0 
-226  -231  0 
-226  -304  0 
-231  -304  0 
-221  -227  0 
-221  -232  0 
-221  -268  0 
-221  -272  0 
-227  -232  0 
-227  -268  0 
-227  -272  0 
-232  -268  0 
-232  -272  0 
-268  -272  0 
-222  -233  0 
-222  -273  0 
-222  -300  0 
-233  -273  0 
-233  -300  0 
-273  -300  0 
-228  -234  0 
-228  -269  0 
-228  -274  0 
-228  -305  0 
-234  -269  0 
-234  -274  0 
-234  -305  0 
-269  -274  0 
-269  -305  0 
-274  -305  0 
-223  -235  0 
-223  -275  0 
-223  -301  0 
-235  -275  0 
-235  -301  0 
-275  -301  0 
-241  -246  0 
-241  -310  0 
-241  -314  0 
-246  -310  0 
-246  -314  0 
-310  -314  0 
-236  -242  0 
-236  -247  0 
-236  -276  0 
-236  -282  0 
-236  -306  0 
-236  -311  0 
-236  -315  0 
-242  -247  0 
-242  -276  0 
-242  -282  0 
-242  -306  0 
-242  -311  0 
-242  -315  0 
-247  -276  0 
-247  -282  0 
-247  -306  0 
-247  -311  0 
-247  -315  0 
-276  -282  0 
-276  -306  0 
-276  -311  0 
-276  -315  0 
-282  -306  0 
-282  -311  0 
-282  -315  0 
-306  -311  0 
-306  -315  0 
-311  -315  0 
-243  -248  0 
-243  -283  0 
-243  -312  0 
-243  -316  0 
-248  -283  0 
-248  -312  0 
-248  -316  0 
-283  -312  0 
-283  -316  0 
-312  -316  0 
-237  -244  0 
-237  -249  0 
-237  -277  0 
-237  -284  0 
-244  -249  0 
-244  -277  0 
-244  -284  0 
-249  -277  0 
-249  -284  0 
-277  -284  0 
-238  -250  0 
-238  -278  0 
-238  -307  0 
-238  -317  0 
-250  -278  0 
-250  -307  0 
-250  -317  0 
-278  -307  0 
-278  -317  0 
-307  -317  0 
-239  -251  0 
-239  -279  0 
-239  -308  0 
-239  -318  0 
-251  -279  0 
-251  -308  0 
-251  -318  0 
-279  -308  0 
-279  -318  0 
-308  -318  0 
-240  -245  0 
-240  -252  0 
-240  -280  0 
-240  -285  0 
-240  -309  0 
-240  -313  0 
-240  -319  0 
-245  -252  0 
-245  -280  0 
-245  -285  0 
-245  -309  0 
-245  -313  0 
-245  -319  0 
-252  -280  0 
-252  -285  0 
-252  -309  0 
-252  -313  0 
-252  -319  0 
-280  -285  0 
-280  -309  0 
-280  -313  0 
-280  -319  0 
-285  -309  0 
-285  -313  0 
-285  -319  0 
-309  -313  0 
-309  -319  0 
-313  -319  0 
1  2  3  4  5  6  0 
7  8  9  10  11  0 
12  13  14  0 
15  16  17  18  19  0 
20  21  22  23  24  0 
25  26  27  28  29  0 
30  31  32  33  34  0 
35  36  37  38  39  40  41  0 
42  43  44  45  46  47  0 
48  49  50  51  52  53  0 
54  55  56  57  58  0 
59  60  61  62  63  0 
64  65  66  67  68  69  0 
70  71  72  73  74  0 
75  76  77  78  79  0 
80  81  82  83  84  0 
85  86  87  88  0 
89  90  91  0 
92  93  94  95  0 
96  97  98  0 
99  100  101  102  103  104  105  0 
106  107  108  109  110  111  0 
112  113  114  115  116  117  118  0 
119  120  121  122  0 
123  124  125  126  127  0 
128  129  130  131  132  133  0 
134  135  136  137  138  139  0 
140  141  142  143  144  0 
145  146  147  148  149  150  0 
151  152  153  154  155  0 
156  157  158  159  160  0 
161  162  163  164  165  0 
166  167  168  169  0 
170  171  172  173  174  175  0 
176  177  178  179  180  0 
181  182  183  184  185  0 
186  187  188  189  190  0 
191  192  193  194  0 
195  196  197  198  0 
199  200  201  202  0 
203  204  205  206  0 
207  208  209  210  211  0 
212  213  214  215  216  217  218  0 
219  220  221  222  223  0 
224  225  226  227  228  0 
229  230  231  232  233  234  235  0 
236  237  238  239  240  0 
241  242  243  244  245  0 
246  247  248  249  250  251  252  0 
253  254  255  256  257  0 
258  259  260  0 
261  262  263  264  265  0 
266  267  268  269  0 
270  271  272  273  274  275  0 
276  277  278  279  280  281  0 
282  283  284  285  0 
286  287  288  289  290  291  292  0 
293  294  295  296  297  0 
298  299  300  301  0 
302  303  304  305  0 
306  307  308  309  0 
310  311  312  313  0 
314  315  316  317  318  319  0 
1  7  15  20  30  0 
2  8  12  16  21  25  31  0 
3  9  13  17  22  0 
4  10  26  0 
5  14  18  23  27  32  0 
19  24  28  33  0 
6  11  29  34  0 
35  42  48  59  64  75  80  0 
36  43  49  54  60  65  70  76  81  0 
37  44  50  55  61  66  0 
38  45  51  71  77  0 
39  46  56  62  67  72  78  82  0 
40  47  52  57  68  0 
63  69  73  83  0 
41  53  74  79  84  0 
58  0 
85  89  92  96  0 
86  90  93  97  0 
87  94  98  0 
88  91  95  0 
99  106  112  123  128  0 
100  107  113  119  124  129  134  140  145  0 
101  108  114  120  125  130  141  146  0 
102  109  115  126  131  135  142  0 
103  110  121  127  132  136  143  147  0 
104  111  116  137  148  0 
105  117  0 
122  133  138  144  149  0 
118  139  150  0 
151  156  161  170  0 
152  157  162  166  171  176  181  0 
153  158  163  167  172  182  0 
154  159  164  173  177  0 
155  160  168  174  178  183  0 
169  175  179  184  0 
165  180  185  0 
186  191  195  199  203  0 
187  192  196  200  204  0 
188  193  197  201  0 
189  198  202  205  0 
190  194  206  0 
207  212  241  246  0 
208  213  219  224  229  236  242  247  0 
209  214  220  225  230  243  248  0 
210  215  226  231  0 
221  227  232  237  244  249  0 
211  216  222  233  238  250  0 
217  228  234  239  251  0 
218  223  235  240  245  252  0 
253  258  261  266  270  276  282  0 
254  259  262  267  271  283  0 
268  272  277  284  0 
255  260  263  273  278  0 
256  264  269  274  279  0 
257  265  275  280  285  0 
281  0 
286  293  310  314  0 
287  294  298  302  306  311  315  0 
288  295  299  303  312  316  0 
289  296  304  0 
290  297  300  307  317  0 
291  305  308  318  0 
292  301  309  313  319  0 
1  35  85  99  151  286  0 
2  36  86  100  152  186  253  287  0 
3  37  101  153  187  254  288  0 
4  38  102  154  188  289  0 
5  39  87  103  155  189  0 
40  88  104  190  255  290  0 
105  256  291  0 
6  41  257  292  0 
42  106  156  207  293  0 
43  107  157  208  258  294  0 
44  108  158  209  259  295  0 
45  109  159  210  296  0 
46  110  160  0 
47  111  211  260  297  0 
7  48  89  112  161  212  0 
8  49  90  113  162  191  213  261  0 
9  50  114  163  192  214  262  0 
10  51  115  164  193  215  0 
52  91  116  194  216  263  0 
117  217  264  0 
11  53  218  265  0 
118  165  0 
12  54  119  166  219  298  0 
13  55  120  167  220  299  0 
14  56  121  168  221  0 
57  222  300  0 
122  169  223  301  0 
58  0 
15  59  123  0 
16  60  124  224  266  302  0 
17  61  125  225  267  303  0 
126  226  304  0 
18  62  127  227  268  0 
19  63  228  269  305  0 
20  64  92  128  170  0 
21  65  93  129  171  195  229  270  0 
22  66  130  172  196  230  271  0 
131  173  197  231  0 
23  67  94  132  174  198  232  272  0 
68  95  233  273  0 
24  69  234  274  0 
133  175  235  275  0 
25  70  134  176  236  276  306  0 
26  71  135  177  0 
27  72  136  178  237  277  0 
137  238  278  307  0 
28  73  239  279  308  0 
29  74  138  179  240  280  309  0 
139  180  281  0 
75  241  310  0 
76  140  199  242  282  311  0 
141  200  243  283  312  0 
77  142  201  0 
78  143  202  244  284  0 
79  144  245  285  313  0 
30  80  96  246  314  0 
31  81  97  145  181  203  247  315  0 
146  182  204  248  316  0 
32  82  98  147  183  205  249  0 
148  206  250  317  0 
33  83  251  318  0 
34  84  149  184  252  319  0 
150  185  0 
1  7  35  42  48  85  89  0 
2  8  36  43  49  86  90  0 
3  9  37  44  50  0 
4  10  38  45  51  0 
5  39  46  87  0 
40  47  52  88  91  0 
6  11  41  53  0 
15  20  59  64  92  0 
12  16  21  54  60  65  93  0 
13  17  22  55  61  66  0 
14  18  23  56  62  67  94  0 
57  68  95  0 
19  24  63  69  0 
58  0 
30  75  80  96  0 
25  31  70  76  81  97  0 
26  71  77  0 
27  32  72  78  82  98  0 
28  33  73  83  0 
29  34  74  79  84  0 
99  106  112  151  156  161  0 
100  107  113  152  157  162  186  191  0 
101  108  114  153  158  163  187  192  0 
102  109  115  154  159  164  188  193  0 
103  110  155  160  189  0 
104  111  116  190  194  0 
105  117  0 
118  165  0 
123  128  170  0 
119  124  129  166  171  195  0 
120  125  130  167  172  196  0 
126  131  173  197  0 
121  127  132  168  174  198  0 
122  133  169  175  0 
134  140  145  176  181  199  203  0 
141  146  182  200  204  0 
135  142  177  201  0 
136  143  147  178  183  202  205  0 
137  148  206  0 
138  144  149  179  184  0 
139  150  180  185  0 
207  212  286  293  0 
208  213  253  258  261  287  294  0 
209  214  254  259  262  288  295  0 
210  215  289  296  0 
211  216  255  260  263  290  297  0 
217  256  264  291  0 
218  257  265  292  0 
219  224  229  266  270  298  302  0 
220  225  230  267  271  299  303  0 
226  231  304  0 
221  227  232  268  272  0 
222  233  273  300  0 
228  234  269  274  305  0 
223  235  275  301  0 
241  246  310  314  0 
236  242  247  276  282  306  311  315  0 
243  248  283  312  316  0 
237  244  249  277  284  0 
238  250  278  307  317  0 
239  251  279  308  318  0 
240  245  252  280  285  309  313  319  0 
281  0 
0 
