p cnf 327 3328
-1 -2 0
-1 -3 0
-1 -4 0
-1 -5 0
-2 -3 0
-2 -4 0
-2 -5 0
-3 -4 0
-3 -5 0
-4 -5 0
-6 -7 0
-6 -8 0
-6 -9 0
-6 -10 0
-6 -11 0
-6 -12 0
-7 -8 0
-7 -9 0
-7 -10 0
-7 -11 0
-7 -12 0
-8 -9 0
-8 -10 0
-8 -11 0
-8 -12 0
-9 -10 0
-9 -11 0
-9 -12 0
-10 -11 0
-10 -12 0
-11 -12 0
-13 -14 0
-13 -15 0
-13 -16 0
-13 -17 0
-13 -18 0
-14 -15 0
-14 -16 0
-14 -17 0
-14 -18 0
-15 -16 0
-15 -17 0
-15 -18 0
-16 -17 0
-16 -18 0
-17 -18 0
-19 -20 0
-19 -21 0
-19 -22 0
-19 -23 0
-20 -21 0
-20 -22 0
-20 -23 0
-21 -22 0
-21 -23 0
-22 -23 0
-24 -25 0
-24 -26 0
-24 -27 0
-24 -28 0
-24 -29 0
-25 -26 0
-25 -27 0
-25 -28 0
-25 -29 0
-26 -27 0
-26 -28 0
-26 -29 0
-27 -28 0
-27 -29 0
-28 -29 0
-30 -31 0
-30 -32 0
-30 -33 0
-31 -32 0
-31 -33 0
-32 -33 0
-34 -35 0
-34 -36 0
-34 -37 0
-35 -36 0
-35 -37 0
-36 -37 0
-38 -39 0
-38 -40 0
-38 -41 0
-38 -42 0
-39 -40 0
-39 -41 0
-39 -42 0
-40 -41 0
-40 -42 0
-41 -42 0
-43 -44 0
-43 -45 0
-43 -46 0
-43 -47 0
-43 -48 0
-44 -45 0
-44 -46 0
-44 -47 0
-44 -48 0
-45 -46 0
-45 -47 0
-45 -48 0
-46 -47 0
-46 -48 0
-47 -48 0
-49 -50 0
-49 -51 0
-49 -52 0
-49 -53 0
-50 -51 0
-50 -52 0
-50 -53 0
-51 -52 0
-51 -53 0
-52 -53 0
-54 -55 0
-54 -56 0
-54 -57 0
-55 -56 0
-55 -57 0
-56 -57 0
-58 -59 0
-58 -60 0
-58 -61 0
-59 -60 0
-59 -61 0
-60 -61 0
-62 -63 0
-62 -64 0
-62 -65 0
-63 -64 0
-63 -65 0
-64 -65 0
-66 -67 0
-66 -68 0
-67 -68 0
-69 -70 0
-69 -71 0
-70 -71 0
-72 -73 0
-72 -74 0
-72 -75 0
-72 -76 0
-73 -74 0
-73 -75 0
-73 -76 0
-74 -75 0
-74 -76 0
-75 -76 0
-77 -78 0
-77 -79 0
-77 -80 0
-78 -79 0
-78 -80 0
-79 -80 0
-81 -82 0
-81 -83 0
-81 -84 0
-82 -83 0
-82 -84 0
-83 -84 0
-85 -86 0
-85 -87 0
-86 -87 0
-88 -89 0
-88 -90 0
-88 -91 0
-89 -90 0
-89 -91 0
-90 -91 0
-92 -93 0
-92 -94 0
-92 -95 0
-93 -94 0
-93 -95 0
-94 -95 0
-96 -97 0
-96 -98 0
-96 -99 0
-96 -100 0
-97 -98 0
-97 -99 0
-97 -100 0
-98 -99 0
-98 -100 0
-99 -100 0
-101 -102 0
-101 -103 0
-101 -104 0
-102 -103 0
-102 -104 0
-103 -104 0
-105 -106 0
-105 -107 0
-106 -107 0
-108 -109 0
-108 -110 0
-108 -111 0
-109 -110 0
-109 -111 0
-110 -111 0
-112 -113 0
-112 -114 0
-112 -115 0
-112 -116 0
-112 -117 0
-113 -114 0
-113 -115 0
-113 -116 0
-113 -117 0
-114 -115 0
-114 -116 0
-114 -117 0
-115 -116 0
-115 -117 0
-116 -117 0
-118 -119 0
-118 -120 0
-118 -121 0
-118 -122 0
-118 -123 0
-119 -120 0
-119 -121 0
-119 -122 0
-119 -123 0
-120 -121 0
-120 -122 0
-120 -123 0
-121 -122 0
-121 -123 0
-122 -123 0
-124 -125 0
-124 -126 0
-124 -127 0
-124 -128 0
-125 -126 0
-125 -127 0
-125 -128 0
-126 -127 0
-126 -128 0
-127 -128 0
-129 -130 0
-129 -131 0
-129 -132 0
-129 -133 0
-130 -131 0
-130 -132 0
-130 -133 0
-131 -132 0
-131 -133 0
-132 -133 0
-134 -135 0
-134 -136 0
-134 -137 0
-134 -138 0
-135 -136 0
-135 -137 0
-135 -138 0
-136 -137 0
-136 -138 0
-137 -138 0
-139 -140 0
-139 -141 0
-139 -142 0
-139 -143 0
-140 -141 0
-140 -142 0
-140 -143 0
-141 -142 0
-141 -143 0
-142 -143 0
-144 -145 0
-144 -146 0
-144 -147 0
-145 -146 0
-145 -147 0
-146 -147 0
-148 -149 0
-148 -150 0
-148 -151 0
-148 -152 0
-149 -150 0
-149 -151 0
-149 -152 0
-150 -151 0
-150 -152 0
-151 -152 0
-153 -154 0
-153 -155 0
-153 -156 0
-153 -157 0
-153 -158 0
-153 -159 0
-154 -155 0
-154 -156 0
-154 -157 0
-154 -158 0
-154 -159 0
-155 -156 0
-155 -157 0
-155 -158 0
-155 -159 0
-156 -157 0
-156 -158 0
-156 -159 0
-157 -158 0
-157 -159 0
-158 -159 0
-160 -161 0
-160 -162 0
-160 -163 0
-160 -164 0
-160 -165 0
-160 -166 0
-161 -162 0
-161 -163 0
-161 -164 0
-161 -165 0
-161 -166 0
-162 -163 0
-162 -164 0
-162 -165 0
-162 -166 0
-163 -164 0
-163 -165 0
-163 -166 0
-164 -165 0
-164 -166 0
-165 -166 0
-167 -168 0
-167 -169 0
-167 -170 0
-167 -171 0
-167 -172 0
-167 -173 0
-168 -169 0
-168 -170 0
-168 -171 0
-168 -172 0
-168 -173 0
-169 -170 0
-169 -171 0
-169 -172 0
-169 -173 0
-170 -171 0
-170 -172 0
-170 -173 0
-171 -172 0
-171 -173 0
-172 -173 0
-174 -175 0
-174 -176 0
-174 -177 0
-174 -178 0
-174 -179 0
-175 -176 0
-175 -177 0
-175 -178 0
-175 -179 0
-176 -177 0
-176 -178 0
-176 -179 0
-177 -178 0
-177 -179 0
-178 -179 0
-180 -181 0
-180 -182 0
-180 -183 0
-180 -184 0
-180 -185 0
-181 -182 0
-181 -183 0
-181 -184 0
-181 -185 0
-182 -183 0
-182 -184 0
-182 -185 0
-183 -184 0
-183 -185 0
-184 -185 0
-186 -187 0
-186 -188 0
-186 -189 0
-186 -190 0
-187 -188 0
-187 -189 0
-187 -190 0
-188 -189 0
-188 -190 0
-189 -190 0
-191 -192 0
-191 -193 0
-191 -194 0
-191 -195 0
-191 -196 0
-192 -193 0
-192 -194 0
-192 -195 0
-192 -196 0
-193 -194 0
-193 -195 0
-193 -196 0
-194 -195 0
-194 -196 0
-195 -196 0
-197 -198 0
-197 -199 0
-197 -200 0
-198 -199 0
-198 -200 0
-199 -200 0
-201 -202 0
-201 -203 0
-201 -204 0
-201 -205 0
-202 -203 0
-202 -204 0
-202 -205 0
-203 -204 0
-203 -205 0
-204 -205 0
-206 -207 0
-206 -208 0
-206 -209 0
-206 -210 0
-206 -211 0
-206 -212 0
-207 -208 0
-207 -209 0
-207 -210 0
-207 -211 0
-207 -212 0
-208 -209 0
-208 -210 0
-208 -211 0
-208 -212 0
-209 -210 0
-209 -211 0
-209 -212 0
-210 -211 0
-210 -212 0
-211 -212 0
-213 -214 0
-213 -215 0
-213 -216 0
-213 -217 0
-213 -218 0
-214 -215 0
-214 -216 0
-214 -217 0
-214 -218 0
-215 -216 0
-215 -217 0
-215 -218 0
-216 -217 0
-216 -218 0
-217 -218 0
-219 -220 0
-219 -221 0
-219 -222 0
-219 -223 0
-219 -224 0
-220 -221 0
-220 -222 0
-220 -223 0
-220 -224 0
-221 -222 0
-221 -223 0
-221 -224 0
-222 -223 0
-222 -224 0
-223 -224 0
-225 -226 0
-225 -227 0
-225 -228 0
-225 -229 0
-226 -227 0
-226 -228 0
-226 -229 0
-227 -228 0
-227 -229 0
-228 -229 0
-230 -231 0
-230 -232 0
-230 -233 0
-230 -234 0
-230 -235 0
-231 -232 0
-231 -233 0
-231 -234 0
-231 -235 0
-232 -233 0
-232 -234 0
-232 -235 0
-233 -234 0
-233 -235 0
-234 -235 0
-236 -237 0
-236 -238 0
-236 -239 0
-236 -240 0
-237 -238 0
-237 -239 0
-237 -240 0
-238 -239 0
-238 -240 0
-239 -240 0
-241 -242 0
-241 -243 0
-241 -244 0
-241 -245 0
-241 -246 0
-242 -243 0
-242 -244 0
-242 -245 0
-242 -246 0
-243 -244 0
-243 -245 0
-243 -246 0
-244 -245 0
-244 -246 0
-245 -246 0
-247 -248 0
-247 -249 0
-247 -250 0
-247 -251 0
-247 -252 0
-247 -253 0
-247 -254 0
-248 -249 0
-248 -250 0
-248 -251 0
-248 -252 0
-248 -253 0
-248 -254 0
-249 -250 0
-249 -251 0
-249 -252 0
-249 -253 0
-249 -254 0
-250 -251 0
-250 -252 0
-250 -253 0
-250 -254 0
-251 -252 0
-251 -253 0
-251 -254 0
-252 -253 0
-252 -254 0
-253 -254 0
-255 -256 0
-255 -257 0
-255 -258 0
-255 -259 0
-255 -260 0
-255 -261 0
-256 -257 0
-256 -258 0
-256 -259 0
-256 -260 0
-256 -261 0
-257 -258 0
-257 -259 0
-257 -260 0
-257 -261 0
-258 -259 0
-258 -260 0
-258 -261 0
-259 -260 0
-259 -261 0
-260 -261 0
-262 -263 0
-262 -264 0
-262 -265 0
-262 -266 0
-262 -267 0
-263 -264 0
-263 -265 0
-263 -266 0
-263 -267 0
-264 -265 0
-264 -266 0
-264 -267 0
-265 -266 0
-265 -267 0
-266 -267 0
-268 -269 0
-268 -270 0
-268 -271 0
-268 -272 0
-269 -270 0
-269 -271 0
-269 -272 0
-270 -271 0
-270 -272 0
-271 -272 0
-273 -274 0
-273 -275 0
-273 -276 0
-273 -277 0
-274 -275 0
-274 -276 0
-274 -277 0
-275 -276 0
-275 -277 0
-276 -277 0
-278 -279 0
-278 -280 0
-278 -281 0
-278 -282 0
-278 -283 0
-279 -280 0
-279 -281 0
-279 -282 0
-279 -283 0
-280 -281 0
-280 -282 0
-280 -283 0
-281 -282 0
-281 -283 0
-282 -283 0
-284 -285 0
-284 -286 0
-284 -287 0
-284 -288 0
-284 -289 0
-285 -286 0
-285 -287 0
-285 -288 0
-285 -289 0
-286 -287 0
-286 -288 0
-286 -289 0
-287 -288 0
-287 -289 0
-288 -289 0
-290 -291 0
-290 -292 0
-290 -293 0
-290 -294 0
-290 -295 0
-291 -292 0
-291 -293 0
-291 -294 0
-291 -295 0
-292 -293 0
-292 -294 0
-292 -295 0
-293 -294 0
-293 -295 0
-294 -295 0
-296 -297 0
-296 -298 0
-296 -299 0
-296 -300 0
-296 -301 0
-297 -298 0
-297 -299 0
-297 -300 0
-297 -301 0
-298 -299 0
-298 -300 0
-298 -301 0
-299 -300 0
-299 -301 0
-300 -301 0
-302 -303 0
-302 -304 0
-302 -305 0
-302 -306 0
-303 -304 0
-303 -305 0
-303 -306 0
-304 -305 0
-304 -306 0
-305 -306 0
-307 -308 0
-307 -309 0
-307 -310 0
-307 -311 0
-307 -312 0
-308 -309 0
-308 -310 0
-308 -311 0
-308 -312 0
-309 -310 0
-309 -311 0
-309 -312 0
-310 -311 0
-310 -312 0
-311 -312 0
-313 -314 0
-313 -315 0
-313 -316 0
-313 -317 0
-314 -315 0
-314 -316 0
-314 -317 0
-315 -316 0
-315 -317 0
-316 -317 0
-318 -319 0
-318 -320 0
-318 -321 0
-318 -322 0
-319 -320 0
-319 -321 0
-319 -322 0
-320 -321 0
-320 -322 0
-321 -322 0
-323 -324 0
-323 -325 0
-323 -326 0
-323 -327 0
-324 -325 0
-324 -326 0
-324 -327 0
-325 -326 0
-325 -327 0
-326 -327 0
-1 -6 0
-1 -13 0
-1 -19 0
-1 -24 0
-6 -13 0
-6 -19 0
-6 -24 0
-13 -19 0
-13 -24 0
-19 -24 0
-7 -14 0
-7 -30 0
-7 -38 0
-14 -30 0
-14 -38 0
-30 -38 0
-2 -8 0
-2 -15 0
-2 -20 0
-2 -25 0
-8 -15 0
-8 -20 0
-8 -25 0
-15 -20 0
-15 -25 0
-20 -25 0
-3 -9 0
-3 -16 0
-3 -21 0
-3 -26 0
-3 -31 0
-3 -34 0
-3 -39 0
-9 -16 0
-9 -21 0
-9 -26 0
-9 -31 0
-9 -34 0
-9 -39 0
-16 -21 0
-16 -26 0
-16 -31 0
-16 -34 0
-16 -39 0
-21 -26 0
-21 -31 0
-21 -34 0
-21 -39 0
-26 -31 0
-26 -34 0
-26 -39 0
-31 -34 0
-31 -39 0
-34 -39 0
-10 -17 0
-10 -22 0
-10 -27 0
-17 -22 0
-17 -27 0
-22 -27 0
-4 -11 0
-4 -23 0
-4 -28 0
-4 -32 0
-4 -35 0
-4 -40 0
-11 -23 0
-11 -28 0
-11 -32 0
-11 -35 0
-11 -40 0
-23 -28 0
-23 -32 0
-23 -35 0
-23 -40 0
-28 -32 0
-28 -35 0
-28 -40 0
-32 -35 0
-32 -40 0
-35 -40 0
-5 -12 0
-5 -18 0
-5 -33 0
-5 -36 0
-5 -41 0
-12 -18 0
-12 -33 0
-12 -36 0
-12 -41 0
-18 -33 0
-18 -36 0
-18 -41 0
-33 -36 0
-33 -41 0
-36 -41 0
-29 -37 0
-29 -42 0
-37 -42 0
-43 -49 0
-43 -54 0
-43 -58 0
-49 -54 0
-49 -58 0
-54 -58 0
-44 -50 0
-44 -62 0
-50 -62 0
-45 -51 0
-45 -55 0
-45 -59 0
-51 -55 0
-51 -59 0
-55 -59 0
-46 -52 0
-46 -56 0
-46 -60 0
-46 -63 0
-46 -66 0
-52 -56 0
-52 -60 0
-52 -63 0
-52 -66 0
-56 -60 0
-56 -63 0
-56 -66 0
-60 -63 0
-60 -66 0
-63 -66 0
-47 -57 0
-47 -61 0
-47 -64 0
-47 -67 0
-57 -61 0
-57 -64 0
-57 -67 0
-61 -64 0
-61 -67 0
-64 -67 0
-48 -53 0
-48 -65 0
-48 -68 0
-53 -65 0
-53 -68 0
-65 -68 0
-72 -77 0
-69 -73 0
-69 -78 0
-69 -88 0
-73 -78 0
-73 -88 0
-78 -88 0
-70 -74 0
-70 -79 0
-70 -81 0
-70 -85 0
-70 -89 0
-74 -79 0
-74 -81 0
-74 -85 0
-74 -89 0
-79 -81 0
-79 -85 0
-79 -89 0
-81 -85 0
-81 -89 0
-85 -89 0
-75 -80 0
-75 -82 0
-75 -86 0
-80 -82 0
-80 -86 0
-82 -86 0
-71 -76 0
-71 -83 0
-71 -87 0
-71 -90 0
-76 -83 0
-76 -87 0
-76 -90 0
-83 -87 0
-83 -90 0
-87 -90 0
-84 -91 0
-92 -96 0
-92 -101 0
-92 -105 0
-92 -108 0
-96 -101 0
-96 -105 0
-96 -108 0
-101 -105 0
-101 -108 0
-105 -108 0
-97 -102 0
-93 -98 0
-93 -109 0
-98 -109 0
-94 -99 0
-94 -103 0
-94 -106 0
-94 -110 0
-99 -103 0
-99 -106 0
-99 -110 0
-103 -106 0
-103 -110 0
-106 -110 0
-95 -100 0
-95 -104 0
-95 -107 0
-95 -111 0
-100 -104 0
-100 -107 0
-100 -111 0
-104 -107 0
-104 -111 0
-107 -111 0
-112 -118 0
-112 -124 0
-112 -129 0
-112 -134 0
-112 -144 0
-118 -124 0
-118 -129 0
-118 -134 0
-118 -144 0
-124 -129 0
-124 -134 0
-124 -144 0
-129 -134 0
-129 -144 0
-134 -144 0
-113 -119 0
-113 -130 0
-113 -139 0
-119 -130 0
-119 -139 0
-130 -139 0
-114 -120 0
-114 -125 0
-114 -131 0
-114 -135 0
-114 -140 0
-120 -125 0
-120 -131 0
-120 -135 0
-120 -140 0
-125 -131 0
-125 -135 0
-125 -140 0
-131 -135 0
-131 -140 0
-135 -140 0
-115 -121 0
-115 -126 0
-115 -132 0
-115 -136 0
-115 -141 0
-115 -145 0
-121 -126 0
-121 -132 0
-121 -136 0
-121 -141 0
-121 -145 0
-126 -132 0
-126 -136 0
-126 -141 0
-126 -145 0
-132 -136 0
-132 -141 0
-132 -145 0
-136 -141 0
-136 -145 0
-141 -145 0
-127 -133 0
-127 -137 0
-127 -142 0
-127 -146 0
-133 -137 0
-133 -142 0
-133 -146 0
-137 -142 0
-137 -146 0
-142 -146 0
-116 -122 0
-116 -143 0
-116 -147 0
-122 -143 0
-122 -147 0
-143 -147 0
-117 -123 0
-117 -128 0
-117 -138 0
-123 -128 0
-123 -138 0
-128 -138 0
-148 -153 0
-148 -160 0
-148 -167 0
-148 -174 0
-148 -180 0
-148 -191 0
-148 -197 0
-153 -160 0
-153 -167 0
-153 -174 0
-153 -180 0
-153 -191 0
-153 -197 0
-160 -167 0
-160 -174 0
-160 -180 0
-160 -191 0
-160 -197 0
-167 -174 0
-167 -180 0
-167 -191 0
-167 -197 0
-174 -180 0
-174 -191 0
-174 -197 0
-180 -191 0
-180 -197 0
-191 -197 0
-154 -161 0
-154 -168 0
-161 -168 0
-149 -155 0
-149 -162 0
-149 -175 0
-149 -186 0
-149 -192 0
-155 -162 0
-155 -175 0
-155 -186 0
-155 -192 0
-162 -175 0
-162 -186 0
-162 -192 0
-175 -186 0
-175 -192 0
-186 -192 0
-150 -156 0
-150 -163 0
-150 -169 0
-150 -176 0
-150 -181 0
-150 -187 0
-150 -193 0
-156 -163 0
-156 -169 0
-156 -176 0
-156 -181 0
-156 -187 0
-156 -193 0
-163 -169 0
-163 -176 0
-163 -181 0
-163 -187 0
-163 -193 0
-169 -176 0
-169 -181 0
-169 -187 0
-169 -193 0
-176 -181 0
-176 -187 0
-176 -193 0
-181 -187 0
-181 -193 0
-187 -193 0
-151 -157 0
-151 -164 0
-151 -170 0
-151 -177 0
-151 -182 0
-151 -188 0
-151 -194 0
-151 -198 0
-157 -164 0
-157 -170 0
-157 -177 0
-157 -182 0
-157 -188 0
-157 -194 0
-157 -198 0
-164 -170 0
-164 -177 0
-164 -182 0
-164 -188 0
-164 -194 0
-164 -198 0
-170 -177 0
-170 -182 0
-170 -188 0
-170 -194 0
-170 -198 0
-177 -182 0
-177 -188 0
-177 -194 0
-177 -198 0
-182 -188 0
-182 -194 0
-182 -198 0
-188 -194 0
-188 -198 0
-194 -198 0
-171 -178 0
-171 -183 0
-178 -183 0
-172 -179 0
-172 -184 0
-172 -189 0
-172 -195 0
-172 -199 0
-179 -184 0
-179 -189 0
-179 -195 0
-179 -199 0
-184 -189 0
-184 -195 0
-184 -199 0
-189 -195 0
-189 -199 0
-195 -199 0
-152 -158 0
-152 -165 0
-152 -190 0
-152 -196 0
-152 -200 0
-158 -165 0
-158 -190 0
-158 -196 0
-158 -200 0
-165 -190 0
-165 -196 0
-165 -200 0
-190 -196 0
-190 -200 0
-196 -200 0
-159 -166 0
-159 -173 0
-159 -185 0
-166 -173 0
-166 -185 0
-173 -185 0
-201 -206 0
-201 -213 0
-201 -219 0
-201 -230 0
-201 -236 0
-206 -213 0
-206 -219 0
-206 -230 0
-206 -236 0
-213 -219 0
-213 -230 0
-213 -236 0
-219 -230 0
-219 -236 0
-230 -236 0
-202 -207 0
-202 -214 0
-202 -220 0
-202 -225 0
-202 -231 0
-207 -214 0
-207 -220 0
-207 -225 0
-207 -231 0
-214 -220 0
-214 -225 0
-214 -231 0
-220 -225 0
-220 -231 0
-225 -231 0
-203 -208 0
-203 -215 0
-203 -221 0
-203 -226 0
-203 -232 0
-203 -237 0
-208 -215 0
-208 -221 0
-208 -226 0
-208 -232 0
-208 -237 0
-215 -221 0
-215 -226 0
-215 -232 0
-215 -237 0
-221 -226 0
-221 -232 0
-221 -237 0
-226 -232 0
-226 -237 0
-232 -237 0
-209 -216 0
-209 -222 0
-209 -227 0
-216 -222 0
-216 -227 0
-222 -227 0
-204 -210 0
-204 -223 0
-204 -228 0
-204 -233 0
-204 -238 0
-210 -223 0
-210 -228 0
-210 -233 0
-210 -238 0
-223 -228 0
-223 -233 0
-223 -238 0
-228 -233 0
-228 -238 0
-233 -238 0
-205 -211 0
-205 -217 0
-205 -224 0
-205 -229 0
-205 -234 0
-205 -239 0
-211 -217 0
-211 -224 0
-211 -229 0
-211 -234 0
-211 -239 0
-217 -224 0
-217 -229 0
-217 -234 0
-217 -239 0
-224 -229 0
-224 -234 0
-224 -239 0
-229 -234 0
-229 -239 0
-234 -239 0
-212 -218 0
-212 -235 0
-212 -240 0
-218 -235 0
-218 -240 0
-235 -240 0
-241 -247 0
-241 -255 0
-241 -262 0
-241 -268 0
-241 -273 0
-241 -284 0
-241 -290 0
-247 -255 0
-247 -262 0
-247 -268 0
-247 -273 0
-247 -284 0
-247 -290 0
-255 -262 0
-255 -268 0
-255 -273 0
-255 -284 0
-255 -290 0
-262 -268 0
-262 -273 0
-262 -284 0
-262 -290 0
-268 -273 0
-268 -284 0
-268 -290 0
-273 -284 0
-273 -290 0
-284 -290 0
-278 -291 0
-242 -248 0
-242 -256 0
-248 -256 0
-243 -249 0
-243 -257 0
-243 -263 0
-243 -269 0
-243 -274 0
-243 -279 0
-243 -285 0
-249 -257 0
-249 -263 0
-249 -269 0
-249 -274 0
-249 -279 0
-249 -285 0
-257 -263 0
-257 -269 0
-257 -274 0
-257 -279 0
-257 -285 0
-263 -269 0
-263 -274 0
-263 -279 0
-263 -285 0
-269 -274 0
-269 -279 0
-269 -285 0
-274 -279 0
-274 -285 0
-279 -285 0
-244 -250 0
-244 -258 0
-244 -264 0
-244 -270 0
-244 -275 0
-244 -280 0
-244 -286 0
-244 -292 0
-250 -258 0
-250 -264 0
-250 -270 0
-250 -275 0
-250 -280 0
-250 -286 0
-250 -292 0
-258 -264 0
-258 -270 0
-258 -275 0
-258 -280 0
-258 -286 0
-258 -292 0
-264 -270 0
-264 -275 0
-264 -280 0
-264 -286 0
-264 -292 0
-270 -275 0
-270 -280 0
-270 -286 0
-270 -292 0
-275 -280 0
-275 -286 0
-275 -292 0
-280 -286 0
-280 -292 0
-286 -292 0
-251 -259 0
-251 -265 0
-251 -271 0
-251 -276 0
-251 -281 0
-259 -265 0
-259 -271 0
-259 -276 0
-259 -281 0
-265 -271 0
-265 -276 0
-265 -281 0
-271 -276 0
-271 -281 0
-276 -281 0
-245 -252 0
-245 -266 0
-245 -272 0
-245 -277 0
-245 -282 0
-245 -287 0
-245 -293 0
-252 -266 0
-252 -272 0
-252 -277 0
-252 -282 0
-252 -287 0
-252 -293 0
-266 -272 0
-266 -277 0
-266 -282 0
-266 -287 0
-266 -293 0
-272 -277 0
-272 -282 0
-272 -287 0
-272 -293 0
-277 -282 0
-277 -287 0
-277 -293 0
-282 -287 0
-282 -293 0
-287 -293 0
-246 -253 0
-246 -260 0
-246 -267 0
-246 -283 0
-246 -288 0
-246 -294 0
-253 -260 0
-253 -267 0
-253 -283 0
-253 -288 0
-253 -294 0
-260 -267 0
-260 -283 0
-260 -288 0
-260 -294 0
-267 -283 0
-267 -288 0
-267 -294 0
-283 -288 0
-283 -294 0
-288 -294 0
-254 -261 0
-254 -289 0
-254 -295 0
-261 -289 0
-261 -295 0
-289 -295 0
-296 -302 0
-296 -307 0
-296 -313 0
-296 -323 0
-302 -307 0
-302 -313 0
-302 -323 0
-307 -313 0
-307 -323 0
-313 -323 0
-297 -303 0
-297 -308 0
-297 -314 0
-297 -318 0
-297 -324 0
-303 -308 0
-303 -314 0
-303 -318 0
-303 -324 0
-308 -314 0
-308 -318 0
-308 -324 0
-314 -318 0
-314 -324 0
-318 -324 0
-298 -304 0
-298 -309 0
-298 -315 0
-298 -319 0
-298 -325 0
-304 -309 0
-304 -315 0
-304 -319 0
-304 -325 0
-309 -315 0
-309 -319 0
-309 -325 0
-315 -319 0
-315 -325 0
-319 -325 0
-299 -305 0
-299 -310 0
-299 -316 0
-299 -320 0
-305 -310 0
-305 -316 0
-305 -320 0
-310 -316 0
-310 -320 0
-316 -320 0
-300 -311 0
-300 -317 0
-300 -321 0
-300 -326 0
-311 -317 0
-311 -321 0
-311 -326 0
-317 -321 0
-317 -326 0
-321 -326 0
-301 -306 0
-301 -312 0
-301 -322 0
-301 -327 0
-306 -312 0
-306 -322 0
-306 -327 0
-312 -322 0
-312 -327 0
-322 -327 0
-1 -92 0
-1 -148 0
-1 -201 0
-1 -241 0
-92 -148 0
-92 -201 0
-92 -241 0
-148 -201 0
-148 -241 0
-201 -241 0
-69 -93 0
-69 -149 0
-69 -242 0
-93 -149 0
-93 -242 0
-149 -242 0
-2 -94 0
-2 -150 0
-2 -202 0
-2 -243 0
-94 -150 0
-94 -202 0
-94 -243 0
-150 -202 0
-150 -243 0
-202 -243 0
-3 -70 0
-3 -95 0
-3 -151 0
-3 -203 0
-3 -244 0
-70 -95 0
-70 -151 0
-70 -203 0
-70 -244 0
-95 -151 0
-95 -203 0
-95 -244 0
-151 -203 0
-151 -244 0
-203 -244 0
-4 -71 0
-4 -204 0
-4 -245 0
-71 -204 0
-71 -245 0
-204 -245 0
-5 -152 0
-5 -205 0
-5 -246 0
-152 -205 0
-152 -246 0
-205 -246 0
-6 -43 0
-6 -96 0
-6 -112 0
-6 -153 0
-6 -206 0
-6 -247 0
-6 -296 0
-43 -96 0
-43 -112 0
-43 -153 0
-43 -206 0
-43 -247 0
-43 -296 0
-96 -112 0
-96 -153 0
-96 -206 0
-96 -247 0
-96 -296 0
-112 -153 0
-112 -206 0
-112 -247 0
-112 -296 0
-153 -206 0
-153 -247 0
-153 -296 0
-206 -247 0
-206 -296 0
-247 -296 0
-7 -72 0
-7 -97 0
-7 -154 0
-72 -97 0
-72 -154 0
-97 -154 0
-44 -73 0
-44 -98 0
-44 -113 0
-44 -155 0
-44 -248 0
-73 -98 0
-73 -113 0
-73 -155 0
-73 -248 0
-98 -113 0
-98 -155 0
-98 -248 0
-113 -155 0
-113 -248 0
-155 -248 0
-8 -45 0
-8 -99 0
-8 -114 0
-8 -156 0
-8 -207 0
-8 -249 0
-8 -297 0
-45 -99 0
-45 -114 0
-45 -156 0
-45 -207 0
-45 -249 0
-45 -297 0
-99 -114 0
-99 -156 0
-99 -207 0
-99 -249 0
-99 -297 0
-114 -156 0
-114 -207 0
-114 -249 0
-114 -297 0
-156 -207 0
-156 -249 0
-156 -297 0
-207 -249 0
-207 -297 0
-249 -297 0
-9 -46 0
-9 -74 0
-9 -100 0
-9 -115 0
-9 -157 0
-9 -208 0
-9 -250 0
-9 -298 0
-46 -74 0
-46 -100 0
-46 -115 0
-46 -157 0
-46 -208 0
-46 -250 0
-46 -298 0
-74 -100 0
-74 -115 0
-74 -157 0
-74 -208 0
-74 -250 0
-74 -298 0
-100 -115 0
-100 -157 0
-100 -208 0
-100 -250 0
-100 -298 0
-115 -157 0
-115 -208 0
-115 -250 0
-115 -298 0
-157 -208 0
-157 -250 0
-157 -298 0
-208 -250 0
-208 -298 0
-250 -298 0
-10 -75 0
-10 -209 0
-10 -251 0
-10 -299 0
-75 -209 0
-75 -251 0
-75 -299 0
-209 -251 0
-209 -299 0
-251 -299 0
-11 -47 0
-11 -76 0
-11 -210 0
-11 -252 0
-11 -300 0
-47 -76 0
-47 -210 0
-47 -252 0
-47 -300 0
-76 -210 0
-76 -252 0
-76 -300 0
-210 -252 0
-210 -300 0
-252 -300 0
-12 -48 0
-12 -116 0
-12 -158 0
-12 -211 0
-12 -253 0
-12 -301 0
-48 -116 0
-48 -158 0
-48 -211 0
-48 -253 0
-48 -301 0
-116 -158 0
-116 -211 0
-116 -253 0
-116 -301 0
-158 -211 0
-158 -253 0
-158 -301 0
-211 -253 0
-211 -301 0
-253 -301 0
-117 -159 0
-117 -212 0
-117 -254 0
-159 -212 0
-159 -254 0
-212 -254 0
-13 -49 0
-13 -118 0
-13 -160 0
-13 -213 0
-13 -255 0
-13 -302 0
-49 -118 0
-49 -160 0
-49 -213 0
-49 -255 0
-49 -302 0
-118 -160 0
-118 -213 0
-118 -255 0
-118 -302 0
-160 -213 0
-160 -255 0
-160 -302 0
-213 -255 0
-213 -302 0
-255 -302 0
-14 -77 0
-14 -161 0
-77 -161 0
-50 -78 0
-50 -119 0
-50 -162 0
-50 -256 0
-78 -119 0
-78 -162 0
-78 -256 0
-119 -162 0
-119 -256 0
-162 -256 0
-15 -51 0
-15 -120 0
-15 -163 0
-15 -214 0
-15 -257 0
-15 -303 0
-51 -120 0
-51 -163 0
-51 -214 0
-51 -257 0
-51 -303 0
-120 -163 0
-120 -214 0
-120 -257 0
-120 -303 0
-163 -214 0
-163 -257 0
-163 -303 0
-214 -257 0
-214 -303 0
-257 -303 0
-16 -52 0
-16 -79 0
-16 -121 0
-16 -164 0
-16 -215 0
-16 -258 0
-16 -304 0
-52 -79 0
-52 -121 0
-52 -164 0
-52 -215 0
-52 -258 0
-52 -304 0
-79 -121 0
-79 -164 0
-79 -215 0
-79 -258 0
-79 -304 0
-121 -164 0
-121 -215 0
-121 -258 0
-121 -304 0
-164 -215 0
-164 -258 0
-164 -304 0
-215 -258 0
-215 -304 0
-258 -304 0
-17 -80 0
-17 -216 0
-17 -259 0
-17 -305 0
-80 -216 0
-80 -259 0
-80 -305 0
-216 -259 0
-216 -305 0
-259 -305 0
-18 -53 0
-18 -122 0
-18 -165 0
-18 -217 0
-18 -260 0
-18 -306 0
-53 -122 0
-53 -165 0
-53 -217 0
-53 -260 0
-53 -306 0
-122 -165 0
-122 -217 0
-122 -260 0
-122 -306 0
-165 -217 0
-165 -260 0
-165 -306 0
-217 -260 0
-217 -306 0
-260 -306 0
-123 -166 0
-123 -218 0
-123 -261 0
-166 -218 0
-166 -261 0
-218 -261 0
-54 -101 0
-54 -124 0
-54 -167 0
-54 -219 0
-54 -262 0
-54 -307 0
-101 -124 0
-101 -167 0
-101 -219 0
-101 -262 0
-101 -307 0
-124 -167 0
-124 -219 0
-124 -262 0
-124 -307 0
-167 -219 0
-167 -262 0
-167 -307 0
-219 -262 0
-219 -307 0
-262 -307 0
-102 -168 0
-55 -103 0
-55 -125 0
-55 -169 0
-55 -220 0
-55 -263 0
-55 -308 0
-103 -125 0
-103 -169 0
-103 -220 0
-103 -263 0
-103 -308 0
-125 -169 0
-125 -220 0
-125 -263 0
-125 -308 0
-169 -220 0
-169 -263 0
-169 -308 0
-220 -263 0
-220 -308 0
-263 -308 0
-56 -81 0
-56 -104 0
-56 -126 0
-56 -170 0
-56 -221 0
-56 -264 0
-56 -309 0
-81 -104 0
-81 -126 0
-81 -170 0
-81 -221 0
-81 -264 0
-81 -309 0
-104 -126 0
-104 -170 0
-104 -221 0
-104 -264 0
-104 -309 0
-126 -170 0
-126 -221 0
-126 -264 0
-126 -309 0
-170 -221 0
-170 -264 0
-170 -309 0
-221 -264 0
-221 -309 0
-264 -309 0
-82 -171 0
-82 -222 0
-82 -265 0
-82 -310 0
-171 -222 0
-171 -265 0
-171 -310 0
-222 -265 0
-222 -310 0
-265 -310 0
-57 -83 0
-57 -127 0
-57 -172 0
-57 -223 0
-57 -266 0
-57 -311 0
-83 -127 0
-83 -172 0
-83 -223 0
-83 -266 0
-83 -311 0
-127 -172 0
-127 -223 0
-127 -266 0
-127 -311 0
-172 -223 0
-172 -266 0
-172 -311 0
-223 -266 0
-223 -311 0
-266 -311 0
-224 -267 0
-224 -312 0
-267 -312 0
-84 -128 0
-84 -173 0
-128 -173 0
-19 -58 0
-19 -129 0
-19 -174 0
-19 -268 0
-58 -129 0
-58 -174 0
-58 -268 0
-129 -174 0
-129 -268 0
-174 -268 0
-130 -175 0
-20 -59 0
-20 -131 0
-20 -176 0
-20 -269 0
-59 -131 0
-59 -176 0
-59 -269 0
-131 -176 0
-131 -269 0
-176 -269 0
-21 -60 0
-21 -85 0
-21 -132 0
-21 -177 0
-21 -270 0
-60 -85 0
-60 -132 0
-60 -177 0
-60 -270 0
-85 -132 0
-85 -177 0
-85 -270 0
-132 -177 0
-132 -270 0
-177 -270 0
-22 -86 0
-22 -178 0
-22 -271 0
-86 -178 0
-86 -271 0
-178 -271 0
-23 -61 0
-23 -87 0
-23 -133 0
-23 -179 0
-23 -272 0
-61 -87 0
-61 -133 0
-61 -179 0
-61 -272 0
-87 -133 0
-87 -179 0
-87 -272 0
-133 -179 0
-133 -272 0
-179 -272 0
-24 -105 0
-24 -134 0
-24 -180 0
-24 -273 0
-24 -313 0
-105 -134 0
-105 -180 0
-105 -273 0
-105 -313 0
-134 -180 0
-134 -273 0
-134 -313 0
-180 -273 0
-180 -313 0
-273 -313 0
-25 -106 0
-25 -135 0
-25 -181 0
-25 -274 0
-25 -314 0
-106 -135 0
-106 -181 0
-106 -274 0
-106 -314 0
-135 -181 0
-135 -274 0
-135 -314 0
-181 -274 0
-181 -314 0
-274 -314 0
-26 -107 0
-26 -136 0
-26 -182 0
-26 -275 0
-26 -315 0
-107 -136 0
-107 -182 0
-107 -275 0
-107 -315 0
-136 -182 0
-136 -275 0
-136 -315 0
-182 -275 0
-182 -315 0
-275 -315 0
-27 -183 0
-27 -276 0
-27 -316 0
-183 -276 0
-183 -316 0
-276 -316 0
-28 -137 0
-28 -184 0
-28 -277 0
-28 -317 0
-137 -184 0
-137 -277 0
-137 -317 0
-184 -277 0
-184 -317 0
-277 -317 0
-29 -138 0
-29 -185 0
-138 -185 0
-30 -278 0
-62 -139 0
-62 -186 0
-139 -186 0
-140 -187 0
-140 -225 0
-140 -279 0
-140 -318 0
-187 -225 0
-187 -279 0
-187 -318 0
-225 -279 0
-225 -318 0
-279 -318 0
-31 -63 0
-31 -141 0
-31 -188 0
-31 -226 0
-31 -280 0
-31 -319 0
-63 -141 0
-63 -188 0
-63 -226 0
-63 -280 0
-63 -319 0
-141 -188 0
-141 -226 0
-141 -280 0
-141 -319 0
-188 -226 0
-188 -280 0
-188 -319 0
-226 -280 0
-226 -319 0
-280 -319 0
-227 -281 0
-227 -320 0
-281 -320 0
-32 -64 0
-32 -142 0
-32 -189 0
-32 -228 0
-32 -282 0
-32 -321 0
-64 -142 0
-64 -189 0
-64 -228 0
-64 -282 0
-64 -321 0
-142 -189 0
-142 -228 0
-142 -282 0
-142 -321 0
-189 -228 0
-189 -282 0
-189 -321 0
-228 -282 0
-228 -321 0
-282 -321 0
-33 -65 0
-33 -143 0
-33 -190 0
-33 -229 0
-33 -283 0
-33 -322 0
-65 -143 0
-65 -190 0
-65 -229 0
-65 -283 0
-65 -322 0
-143 -190 0
-143 -229 0
-143 -283 0
-143 -322 0
-190 -229 0
-190 -283 0
-190 -322 0
-229 -283 0
-229 -322 0
-283 -322 0
-108 -191 0
-108 -230 0
-108 -284 0
-108 -323 0
-191 -230 0
-191 -284 0
-191 -323 0
-230 -284 0
-230 -323 0
-284 -323 0
-88 -109 0
-88 -192 0
-109 -192 0
-110 -193 0
-110 -231 0
-110 -285 0
-110 -324 0
-193 -231 0
-193 -285 0
-193 -324 0
-231 -285 0
-231 -324 0
-285 -324 0
-34 -89 0
-34 -111 0
-34 -194 0
-34 -232 0
-34 -286 0
-34 -325 0
-89 -111 0
-89 -194 0
-89 -232 0
-89 -286 0
-89 -325 0
-111 -194 0
-111 -232 0
-111 -286 0
-111 -325 0
-194 -232 0
-194 -286 0
-194 -325 0
-232 -286 0
-232 -325 0
-286 -325 0
-35 -90 0
-35 -195 0
-35 -233 0
-35 -287 0
-35 -326 0
-90 -195 0
-90 -233 0
-90 -287 0
-90 -326 0
-195 -233 0
-195 -287 0
-195 -326 0
-233 -287 0
-233 -326 0
-287 -326 0
-36 -196 0
-36 -234 0
-36 -288 0
-36 -327 0
-196 -234 0
-196 -288 0
-196 -327 0
-234 -288 0
-234 -327 0
-288 -327 0
-37 -91 0
-37 -235 0
-37 -289 0
-91 -235 0
-91 -289 0
-235 -289 0
-144 -197 0
-144 -236 0
-144 -290 0
-197 -236 0
-197 -290 0
-236 -290 0
-38 -291 0
-39 -66 0
-39 -145 0
-39 -198 0
-39 -237 0
-39 -292 0
-66 -145 0
-66 -198 0
-66 -237 0
-66 -292 0
-145 -198 0
-145 -237 0
-145 -292 0
-198 -237 0
-198 -292 0
-237 -292 0
-40 -67 0
-40 -146 0
-40 -199 0
-40 -238 0
-40 -293 0
-67 -146 0
-67 -199 0
-67 -238 0
-67 -293 0
-146 -199 0
-146 -238 0
-146 -293 0
-199 -238 0
-199 -293 0
-238 -293 0
-41 -68 0
-41 -147 0
-41 -200 0
-41 -239 0
-41 -294 0
-68 -147 0
-68 -200 0
-68 -239 0
-68 -294 0
-147 -200 0
-147 -239 0
-147 -294 0
-200 -239 0
-200 -294 0
-239 -294 0
-42 -240 0
-42 -295 0
-240 -295 0
-1 -6 0
-1 -13 0
-1 -43 0
-1 -49 0
-6 -13 0
-6 -43 0
-6 -49 0
-13 -43 0
-13 -49 0
-43 -49 0
-7 -14 0
-7 -72 0
-7 -77 0
-14 -72 0
-14 -77 0
-72 -77 0
-44 -50 0
-44 -69 0
-44 -73 0
-44 -78 0
-50 -69 0
-50 -73 0
-50 -78 0
-69 -73 0
-69 -78 0
-73 -78 0
-2 -8 0
-2 -15 0
-2 -45 0
-2 -51 0
-8 -15 0
-8 -45 0
-8 -51 0
-15 -45 0
-15 -51 0
-45 -51 0
-3 -9 0
-3 -16 0
-3 -46 0
-3 -52 0
-3 -70 0
-3 -74 0
-3 -79 0
-9 -16 0
-9 -46 0
-9 -52 0
-9 -70 0
-9 -74 0
-9 -79 0
-16 -46 0
-16 -52 0
-16 -70 0
-16 -74 0
-16 -79 0
-46 -52 0
-46 -70 0
-46 -74 0
-46 -79 0
-52 -70 0
-52 -74 0
-52 -79 0
-70 -74 0
-70 -79 0
-74 -79 0
-10 -17 0
-10 -75 0
-10 -80 0
-17 -75 0
-17 -80 0
-75 -80 0
-4 -11 0
-4 -47 0
-4 -71 0
-4 -76 0
-11 -47 0
-11 -71 0
-11 -76 0
-47 -71 0
-47 -76 0
-71 -76 0
-5 -12 0
-5 -18 0
-5 -48 0
-5 -53 0
-12 -18 0
-12 -48 0
-12 -53 0
-18 -48 0
-18 -53 0
-48 -53 0
-19 -24 0
-19 -54 0
-19 -58 0
-24 -54 0
-24 -58 0
-54 -58 0
-20 -25 0
-20 -55 0
-20 -59 0
-25 -55 0
-25 -59 0
-55 -59 0
-21 -26 0
-21 -56 0
-21 -60 0
-21 -81 0
-21 -85 0
-26 -56 0
-26 -60 0
-26 -81 0
-26 -85 0
-56 -60 0
-56 -81 0
-56 -85 0
-60 -81 0
-60 -85 0
-81 -85 0
-22 -27 0
-22 -82 0
-22 -86 0
-27 -82 0
-27 -86 0
-82 -86 0
-23 -28 0
-23 -57 0
-23 -61 0
-23 -83 0
-23 -87 0
-28 -57 0
-28 -61 0
-28 -83 0
-28 -87 0
-57 -61 0
-57 -83 0
-57 -87 0
-61 -83 0
-61 -87 0
-83 -87 0
-29 -84 0
-30 -38 0
-62 -88 0
-31 -34 0
-31 -39 0
-31 -63 0
-31 -66 0
-31 -89 0
-34 -39 0
-34 -63 0
-34 -66 0
-34 -89 0
-39 -63 0
-39 -66 0
-39 -89 0
-63 -66 0
-63 -89 0
-66 -89 0
-32 -35 0
-32 -40 0
-32 -64 0
-32 -67 0
-32 -90 0
-35 -40 0
-35 -64 0
-35 -67 0
-35 -90 0
-40 -64 0
-40 -67 0
-40 -90 0
-64 -67 0
-64 -90 0
-67 -90 0
-33 -36 0
-33 -41 0
-33 -65 0
-33 -68 0
-36 -41 0
-36 -65 0
-36 -68 0
-41 -65 0
-41 -68 0
-65 -68 0
-37 -42 0
-37 -91 0
-42 -91 0
-92 -96 0
-92 -112 0
-92 -118 0
-92 -148 0
-92 -153 0
-92 -160 0
-96 -112 0
-96 -118 0
-96 -148 0
-96 -153 0
-96 -160 0
-112 -118 0
-112 -148 0
-112 -153 0
-112 -160 0
-118 -148 0
-118 -153 0
-118 -160 0
-148 -153 0
-148 -160 0
-153 -160 0
-97 -154 0
-97 -161 0
-154 -161 0
-93 -98 0
-93 -113 0
-93 -119 0
-93 -149 0
-93 -155 0
-93 -162 0
-98 -113 0
-98 -119 0
-98 -149 0
-98 -155 0
-98 -162 0
-113 -119 0
-113 -149 0
-113 -155 0
-113 -162 0
-119 -149 0
-119 -155 0
-119 -162 0
-149 -155 0
-149 -162 0
-155 -162 0
-94 -99 0
-94 -114 0
-94 -120 0
-94 -150 0
-94 -156 0
-94 -163 0
-99 -114 0
-99 -120 0
-99 -150 0
-99 -156 0
-99 -163 0
-114 -120 0
-114 -150 0
-114 -156 0
-114 -163 0
-120 -150 0
-120 -156 0
-120 -163 0
-150 -156 0
-150 -163 0
-156 -163 0
-95 -100 0
-95 -115 0
-95 -121 0
-95 -151 0
-95 -157 0
-95 -164 0
-100 -115 0
-100 -121 0
-100 -151 0
-100 -157 0
-100 -164 0
-115 -121 0
-115 -151 0
-115 -157 0
-115 -164 0
-121 -151 0
-121 -157 0
-121 -164 0
-151 -157 0
-151 -164 0
-157 -164 0
-116 -122 0
-116 -152 0
-116 -158 0
-116 -165 0
-122 -152 0
-122 -158 0
-122 -165 0
-152 -158 0
-152 -165 0
-158 -165 0
-117 -123 0
-117 -159 0
-117 -166 0
-123 -159 0
-123 -166 0
-159 -166 0
-101 -105 0
-101 -124 0
-101 -129 0
-101 -134 0
-101 -167 0
-101 -174 0
-101 -180 0
-105 -124 0
-105 -129 0
-105 -134 0
-105 -167 0
-105 -174 0
-105 -180 0
-124 -129 0
-124 -134 0
-124 -167 0
-124 -174 0
-124 -180 0
-129 -134 0
-129 -167 0
-129 -174 0
-129 -180 0
-134 -167 0
-134 -174 0
-134 -180 0
-167 -174 0
-167 -180 0
-174 -180 0
-102 -168 0
-130 -175 0
-103 -106 0
-103 -125 0
-103 -131 0
-103 -135 0
-103 -169 0
-103 -176 0
-103 -181 0
-106 -125 0
-106 -131 0
-106 -135 0
-106 -169 0
-106 -176 0
-106 -181 0
-125 -131 0
-125 -135 0
-125 -169 0
-125 -176 0
-125 -181 0
-131 -135 0
-131 -169 0
-131 -176 0
-131 -181 0
-135 -169 0
-135 -176 0
-135 -181 0
-169 -176 0
-169 -181 0
-176 -181 0
-104 -107 0
-104 -126 0
-104 -132 0
-104 -136 0
-104 -170 0
-104 -177 0
-104 -182 0
-107 -126 0
-107 -132 0
-107 -136 0
-107 -170 0
-107 -177 0
-107 -182 0
-126 -132 0
-126 -136 0
-126 -170 0
-126 -177 0
-126 -182 0
-132 -136 0
-132 -170 0
-132 -177 0
-132 -182 0
-136 -170 0
-136 -177 0
-136 -182 0
-170 -177 0
-170 -182 0
-177 -182 0
-171 -178 0
-171 -183 0
-178 -183 0
-127 -133 0
-127 -137 0
-127 -172 0
-127 -179 0
-127 -184 0
-133 -137 0
-133 -172 0
-133 -179 0
-133 -184 0
-137 -172 0
-137 -179 0
-137 -184 0
-172 -179 0
-172 -184 0
-179 -184 0
-128 -138 0
-128 -173 0
-128 -185 0
-138 -173 0
-138 -185 0
-173 -185 0
-108 -144 0
-108 -191 0
-108 -197 0
-144 -191 0
-144 -197 0
-191 -197 0
-109 -139 0
-109 -186 0
-109 -192 0
-139 -186 0
-139 -192 0
-186 -192 0
-110 -140 0
-110 -187 0
-110 -193 0
-140 -187 0
-140 -193 0
-187 -193 0
-111 -141 0
-111 -145 0
-111 -188 0
-111 -194 0
-111 -198 0
-141 -145 0
-141 -188 0
-141 -194 0
-141 -198 0
-145 -188 0
-145 -194 0
-145 -198 0
-188 -194 0
-188 -198 0
-194 -198 0
-142 -146 0
-142 -189 0
-142 -195 0
-142 -199 0
-146 -189 0
-146 -195 0
-146 -199 0
-189 -195 0
-189 -199 0
-195 -199 0
-143 -147 0
-143 -190 0
-143 -196 0
-143 -200 0
-147 -190 0
-147 -196 0
-147 -200 0
-190 -196 0
-190 -200 0
-196 -200 0
-201 -206 0
-201 -213 0
-201 -241 0
-201 -247 0
-201 -255 0
-201 -296 0
-201 -302 0
-206 -213 0
-206 -241 0
-206 -247 0
-206 -255 0
-206 -296 0
-206 -302 0
-213 -241 0
-213 -247 0
-213 -255 0
-213 -296 0
-213 -302 0
-241 -247 0
-241 -255 0
-241 -296 0
-241 -302 0
-247 -255 0
-247 -296 0
-247 -302 0
-255 -296 0
-255 -302 0
-296 -302 0
-242 -248 0
-242 -256 0
-248 -256 0
-202 -207 0
-202 -214 0
-202 -243 0
-202 -249 0
-202 -257 0
-202 -297 0
-202 -303 0
-207 -214 0
-207 -243 0
-207 -249 0
-207 -257 0
-207 -297 0
-207 -303 0
-214 -243 0
-214 -249 0
-214 -257 0
-214 -297 0
-214 -303 0
-243 -249 0
-243 -257 0
-243 -297 0
-243 -303 0
-249 -257 0
-249 -297 0
-249 -303 0
-257 -297 0
-257 -303 0
-297 -303 0
-203 -208 0
-203 -215 0
-203 -244 0
-203 -250 0
-203 -258 0
-203 -298 0
-203 -304 0
-208 -215 0
-208 -244 0
-208 -250 0
-208 -258 0
-208 -298 0
-208 -304 0
-215 -244 0
-215 -250 0
-215 -258 0
-215 -298 0
-215 -304 0
-244 -250 0
-244 -258 0
-244 -298 0
-244 -304 0
-250 -258 0
-250 -298 0
-250 -304 0
-258 -298 0
-258 -304 0
-298 -304 0
-209 -216 0
-209 -251 0
-209 -259 0
-209 -299 0
-209 -305 0
-216 -251 0
-216 -259 0
-216 -299 0
-216 -305 0
-251 -259 0
-251 -299 0
-251 -305 0
-259 -299 0
-259 -305 0
-299 -305 0
-204 -210 0
-204 -245 0
-204 -252 0
-204 -300 0
-210 -245 0
-210 -252 0
-210 -300 0
-245 -252 0
-245 -300 0
-252 -300 0
-205 -211 0
-205 -217 0
-205 -246 0
-205 -253 0
-205 -260 0
-205 -301 0
-205 -306 0
-211 -217 0
-211 -246 0
-211 -253 0
-211 -260 0
-211 -301 0
-211 -306 0
-217 -246 0
-217 -253 0
-217 -260 0
-217 -301 0
-217 -306 0
-246 -253 0
-246 -260 0
-246 -301 0
-246 -306 0
-253 -260 0
-253 -301 0
-253 -306 0
-260 -301 0
-260 -306 0
-301 -306 0
-212 -218 0
-212 -254 0
-212 -261 0
-218 -254 0
-218 -261 0
-254 -261 0
-219 -262 0
-219 -268 0
-219 -273 0
-219 -307 0
-219 -313 0
-262 -268 0
-262 -273 0
-262 -307 0
-262 -313 0
-268 -273 0
-268 -307 0
-268 -313 0
-273 -307 0
-273 -313 0
-307 -313 0
-220 -263 0
-220 -269 0
-220 -274 0
-220 -308 0
-220 -314 0
-263 -269 0
-263 -274 0
-263 -308 0
-263 -314 0
-269 -274 0
-269 -308 0
-269 -314 0
-274 -308 0
-274 -314 0
-308 -314 0
-221 -264 0
-221 -270 0
-221 -275 0
-221 -309 0
-221 -315 0
-264 -270 0
-264 -275 0
-264 -309 0
-264 -315 0
-270 -275 0
-270 -309 0
-270 -315 0
-275 -309 0
-275 -315 0
-309 -315 0
-222 -265 0
-222 -271 0
-222 -276 0
-222 -310 0
-222 -316 0
-265 -271 0
-265 -276 0
-265 -310 0
-265 -316 0
-271 -276 0
-271 -310 0
-271 -316 0
-276 -310 0
-276 -316 0
-310 -316 0
-223 -266 0
-223 -272 0
-223 -277 0
-223 -311 0
-223 -317 0
-266 -272 0
-266 -277 0
-266 -311 0
-266 -317 0
-272 -277 0
-272 -311 0
-272 -317 0
-277 -311 0
-277 -317 0
-311 -317 0
-224 -267 0
-224 -312 0
-267 -312 0
-230 -236 0
-230 -284 0
-230 -290 0
-230 -323 0
-236 -284 0
-236 -290 0
-236 -323 0
-284 -290 0
-284 -323 0
-290 -323 0
-278 -291 0
-225 -231 0
-225 -279 0
-225 -285 0
-225 -318 0
-225 -324 0
-231 -279 0
-231 -285 0
-231 -318 0
-231 -324 0
-279 -285 0
-279 -318 0
-279 -324 0
-285 -318 0
-285 -324 0
-318 -324 0
-226 -232 0
-226 -237 0
-226 -280 0
-226 -286 0
-226 -292 0
-226 -319 0
-226 -325 0
-232 -237 0
-232 -280 0
-232 -286 0
-232 -292 0
-232 -319 0
-232 -325 0
-237 -280 0
-237 -286 0
-237 -292 0
-237 -319 0
-237 -325 0
-280 -286 0
-280 -292 0
-280 -319 0
-280 -325 0
-286 -292 0
-286 -319 0
-286 -325 0
-292 -319 0
-292 -325 0
-319 -325 0
-227 -281 0
-227 -320 0
-281 -320 0
-228 -233 0
-228 -238 0
-228 -282 0
-228 -287 0
-228 -293 0
-228 -321 0
-228 -326 0
-233 -238 0
-233 -282 0
-233 -287 0
-233 -293 0
-233 -321 0
-233 -326 0
-238 -282 0
-238 -287 0
-238 -293 0
-238 -321 0
-238 -326 0
-282 -287 0
-282 -293 0
-282 -321 0
-282 -326 0
-287 -293 0
-287 -321 0
-287 -326 0
-293 -321 0
-293 -326 0
-321 -326 0
-229 -234 0
-229 -239 0
-229 -283 0
-229 -288 0
-229 -294 0
-229 -322 0
-229 -327 0
-234 -239 0
-234 -283 0
-234 -288 0
-234 -294 0
-234 -322 0
-234 -327 0
-239 -283 0
-239 -288 0
-239 -294 0
-239 -322 0
-239 -327 0
-283 -288 0
-283 -294 0
-283 -322 0
-283 -327 0
-288 -294 0
-288 -322 0
-288 -327 0
-294 -322 0
-294 -327 0
-322 -327 0
-235 -240 0
-235 -289 0
-235 -295 0
-240 -289 0
-240 -295 0
-289 -295 0
1 2 3 4 5 0
6 7 8 9 10 11 12 0
13 14 15 16 17 18 0
19 20 21 22 23 0
24 25 26 27 28 29 0
30 31 32 33 0
34 35 36 37 0
38 39 40 41 42 0
43 44 45 46 47 48 0
49 50 51 52 53 0
54 55 56 57 0
58 59 60 61 0
62 63 64 65 0
66 67 68 0
69 70 71 0
72 73 74 75 76 0
77 78 79 80 0
81 82 83 84 0
85 86 87 0
88 89 90 91 0
92 93 94 95 0
96 97 98 99 100 0
101 102 103 104 0
105 106 107 0
108 109 110 111 0
112 113 114 115 116 117 0
118 119 120 121 122 123 0
124 125 126 127 128 0
129 130 131 132 133 0
134 135 136 137 138 0
139 140 141 142 143 0
144 145 146 147 0
148 149 150 151 152 0
153 154 155 156 157 158 159 0
160 161 162 163 164 165 166 0
167 168 169 170 171 172 173 0
174 175 176 177 178 179 0
180 181 182 183 184 185 0
186 187 188 189 190 0
191 192 193 194 195 196 0
197 198 199 200 0
201 202 203 204 205 0
206 207 208 209 210 211 212 0
213 214 215 216 217 218 0
219 220 221 222 223 224 0
225 226 227 228 229 0
230 231 232 233 234 235 0
236 237 238 239 240 0
241 242 243 244 245 246 0
247 248 249 250 251 252 253 254 0
255 256 257 258 259 260 261 0
262 263 264 265 266 267 0
268 269 270 271 272 0
273 274 275 276 277 0
278 279 280 281 282 283 0
284 285 286 287 288 289 0
290 291 292 293 294 295 0
296 297 298 299 300 301 0
302 303 304 305 306 0
307 308 309 310 311 312 0
313 314 315 316 317 0
318 319 320 321 322 0
323 324 325 326 327 0
1 6 13 19 24 0
7 14 30 38 0
2 8 15 20 25 0
3 9 16 21 26 31 34 39 0
10 17 22 27 0
4 11 23 28 32 35 40 0
5 12 18 33 36 41 0
29 37 42 0
43 49 54 58 0
44 50 62 0
45 51 55 59 0
46 52 56 60 63 66 0
47 57 61 64 67 0
48 53 65 68 0
72 77 0
69 73 78 88 0
70 74 79 81 85 89 0
75 80 82 86 0
71 76 83 87 90 0
84 91 0
92 96 101 105 108 0
97 102 0
93 98 109 0
94 99 103 106 110 0
95 100 104 107 111 0
112 118 124 129 134 144 0
113 119 130 139 0
114 120 125 131 135 140 0
115 121 126 132 136 141 145 0
127 133 137 142 146 0
116 122 143 147 0
117 123 128 138 0
148 153 160 167 174 180 191 197 0
154 161 168 0
149 155 162 175 186 192 0
150 156 163 169 176 181 187 193 0
151 157 164 170 177 182 188 194 198 0
171 178 183 0
172 179 184 189 195 199 0
152 158 165 190 196 200 0
159 166 173 185 0
201 206 213 219 230 236 0
202 207 214 220 225 231 0
203 208 215 221 226 232 237 0
209 216 222 227 0
204 210 223 228 233 238 0
205 211 217 224 229 234 239 0
212 218 235 240 0
241 247 255 262 268 273 284 290 0
278 291 0
242 248 256 0
243 249 257 263 269 274 279 285 0
244 250 258 264 270 275 280 286 292 0
251 259 265 271 276 281 0
245 252 266 272 277 282 287 293 0
246 253 260 267 283 288 294 0
254 261 289 295 0
296 302 307 313 323 0
297 303 308 314 318 324 0
298 304 309 315 319 325 0
299 305 310 316 320 0
300 311 317 321 326 0
301 306 312 322 327 0
1 92 148 201 241 0
69 93 149 242 0
2 94 150 202 243 0
3 70 95 151 203 244 0
4 71 204 245 0
5 152 205 246 0
6 43 96 112 153 206 247 296 0
7 72 97 154 0
44 73 98 113 155 248 0
8 45 99 114 156 207 249 297 0
9 46 74 100 115 157 208 250 298 0
10 75 209 251 299 0
11 47 76 210 252 300 0
12 48 116 158 211 253 301 0
117 159 212 254 0
13 49 118 160 213 255 302 0
14 77 161 0
50 78 119 162 256 0
15 51 120 163 214 257 303 0
16 52 79 121 164 215 258 304 0
17 80 216 259 305 0
18 53 122 165 217 260 306 0
123 166 218 261 0
54 101 124 167 219 262 307 0
102 168 0
55 103 125 169 220 263 308 0
56 81 104 126 170 221 264 309 0
82 171 222 265 310 0
57 83 127 172 223 266 311 0
224 267 312 0
84 128 173 0
19 58 129 174 268 0
130 175 0
20 59 131 176 269 0
21 60 85 132 177 270 0
22 86 178 271 0
23 61 87 133 179 272 0
24 105 134 180 273 313 0
25 106 135 181 274 314 0
26 107 136 182 275 315 0
27 183 276 316 0
28 137 184 277 317 0
29 138 185 0
30 278 0
62 139 186 0
140 187 225 279 318 0
31 63 141 188 226 280 319 0
227 281 320 0
32 64 142 189 228 282 321 0
33 65 143 190 229 283 322 0
108 191 230 284 323 0
88 109 192 0
110 193 231 285 324 0
34 89 111 194 232 286 325 0
35 90 195 233 287 326 0
36 196 234 288 327 0
37 91 235 289 0
144 197 236 290 0
38 291 0
39 66 145 198 237 292 0
40 67 146 199 238 293 0
41 68 147 200 239 294 0
42 240 295 0
1 6 13 43 49 0
7 14 72 77 0
44 50 69 73 78 0
2 8 15 45 51 0
3 9 16 46 52 70 74 79 0
10 17 75 80 0
4 11 47 71 76 0
5 12 18 48 53 0
19 24 54 58 0
20 25 55 59 0
21 26 56 60 81 85 0
22 27 82 86 0
23 28 57 61 83 87 0
29 84 0
30 38 0
62 88 0
31 34 39 63 66 89 0
32 35 40 64 67 90 0
33 36 41 65 68 0
37 42 91 0
92 96 112 118 148 153 160 0
97 154 161 0
93 98 113 119 149 155 162 0
94 99 114 120 150 156 163 0
95 100 115 121 151 157 164 0
116 122 152 158 165 0
117 123 159 166 0
101 105 124 129 134 167 174 180 0
102 168 0
130 175 0
103 106 125 131 135 169 176 181 0
104 107 126 132 136 170 177 182 0
171 178 183 0
127 133 137 172 179 184 0
128 138 173 185 0
108 144 191 197 0
109 139 186 192 0
110 140 187 193 0
111 141 145 188 194 198 0
142 146 189 195 199 0
143 147 190 196 200 0
201 206 213 241 247 255 296 302 0
242 248 256 0
202 207 214 243 249 257 297 303 0
203 208 215 244 250 258 298 304 0
209 216 251 259 299 305 0
204 210 245 252 300 0
205 211 217 246 253 260 301 306 0
212 218 254 261 0
219 262 268 273 307 313 0
220 263 269 274 308 314 0
221 264 270 275 309 315 0
222 265 271 276 310 316 0
223 266 272 277 311 317 0
224 267 312 0
230 236 284 290 323 0
278 291 0
225 231 279 285 318 324 0
226 232 237 280 286 292 319 325 0
227 281 320 0
228 233 238 282 287 293 321 326 0
229 234 239 283 288 294 322 327 0
235 240 289 295 0
0